1 1.7212507420246088
2 -443.9385955447722
3 -586.8376123045269
4 -659.4948440750627
5 -527.936155275615
6 -292.3453840997942
7 -250.82679078542154
8 -219.68775288860223
9 -98.28489640353145
10 -176.0330024951533
11 -160.18617797543945
12 -74.20833161417906
13 -68.6319849601278
14 -63.85122889710608
15 -117.34554081044737
16 -55.53969586231402
17 -52.372456375260505
18 -0.8899605117064198
19 45.96163543299605
20 43.74787443764028
21 41.58434110367714
22 39.61530405390408
23 -0.3524745560060123
24 36.02167452607716
25 34.64867186398595
26 33.382612539390365
27 -0.23572382016899424
28 -0.16639762831033694
29 -30.836468118077914
30 -58.860469521003616
31 -84.90580623313977
32 -82.19931313717996
33 -53.17006251727308
34 -51.555223208196516
35 -25.18084602054269
36 -24.528506536149955
37 -0.0056575436179333045
38 0.039280536443073465
39 0.08247793243551528
40 0.03738471557401213
41 21.53430701127908
42 41.88058369012312
43 40.86703547642955
44 20.027377226448696
45 38.85670180331023
46 18.79010013124062
47 18.426596076360468
48 18.00679242934987
49 17.674648626649226
50 -0.16492255276176138
51 -17.471654740178927
52 -17.16828845621004
53 -0.18743572708273243
54 -16.225925946900183
55 -31.827343845027432
56 -31.228074381776615
57 -30.650448084159404
58 -14.92509850961032
59 0.2671883674964104
60 0.29120405141194683
61 14.487649685579061
62 14.226778850593343
63 0.2505698571616258
64 13.935372320686112
65 27.048149786479055
66 39.901760361109226
67 26.134532053584042
68 12.897242940396909
69 25.47444421835341
70 25.13465213603679
71 24.80479902941226
72 24.436505051115656
73 12.081786493072805
74 11.941601937793829
75 23.571806913448455
76 23.28446568196434
77 34.30098574071609
78 33.883217738472226
79 44.646809603958566
80 55.14131167280773
81 43.57882847635717
82 32.46641633527865
83 21.625393336697215
84 21.388283051765445
85 31.386711238981523
86 20.756537107004565
87 10.56077935019295
88 0.3929639585783413
89 0.3694922240256427
90 9.990657729709863
91 19.473501162434143
92 19.28048276191798
93 9.686827999879945
94 9.565814792069741
95 18.598253169750613
96 18.3865918461871
97 18.21492070314001
98 26.868502202059243
99 35.48230513902469
100 35.14450198262145
101 43.37342679068684
102 34.29321413478758
103 42.61075343331057
104 42.21761137126093
105 41.83159912558783
106 41.45299250319866
107 32.841406925741275
108 24.42556657072998
109 24.217068686157553
110 24.012385996624978
111 23.78074921149921
112 15.676527252774125
113 15.55291296453009
114 23.11355881033834
115 15.294502407442119
116 7.6492350573275285
117 -0.016840943086774918
118 -0.03136895518814931
119 -0.016623149312355125
120 -0.0022148946685602317
121 -0.01615525468113687
122 7.084517391645978
123 7.040784943312613
124 -0.12415040977442925
125 -7.237480105997374
126 -0.241051937150458
127 -0.2525341829393168
128 -0.26396150103498833
129 -0.2487631593029007
130 6.478630935527982
131 6.442194131072604
132 6.380536539369047
133 6.319620972213291
134 6.285382973499753
135 6.226171894576065
136 6.167916160249794
137 6.110376153412875
138 6.053625355979835
139 -0.2798820950984393
140 -6.545439720747827
141 -0.285699527531692
142 5.933272047387818
143 5.903573121011578
144 11.993189030664537
145 11.898644221384457
146 17.805790407488292
147 17.69626010291746
148 17.56519096142765
149 23.30386151480056
150 23.159889855909878
151 23.017802310636274
152 17.11636198199299
153 16.99327579183936
154 16.894066629401497
155 16.77412679325183
156 16.655724540843778
157 16.560378050619207
158 16.444727868999934
159 16.3521272779518
160 21.809916743911913
161 21.663777231528382
162 21.54045973061485
163 21.397884535013926
164 15.946512657276097
165 21.098196736698092
166 15.695808306211747
167 15.591435256649884
168 15.50872445403061
169 20.64895078928422
170 15.29460558835183
171 10.140985755894185
172 15.254059869925154
173 20.285010227782855
174 20.17818032977144
175 20.072712064414727
176 19.948913557733324
177 14.840688198017927
178 9.799385593946402
179 9.73503970835649
180 4.823664659039443
181 9.719665196186495
182 9.6755972399016
183 9.631940017692223
184 14.366136708462365
185 9.526115063819176
186 14.204119783699923
187 18.78723224514355
188 23.417568044039815
189 23.284729067848122
190 18.525136454067198
191 18.436989134706586
192 18.34993909725515
193 18.26374889933769
194 18.178365127445925
195 18.093860485135345
196 18.010159309510517
197 17.909946677763767
198 13.417734935150378
199 13.34165963023995
200 17.7029936909853
201 17.606355742809516
202 17.52777909715529
203 17.433034325485195
204 17.35593169081126
205 17.262810607958205
206 17.170814294023124
207 21.351202511572353
208 21.240264139016006
209 16.987212824131948
210 21.149177343458252
211 16.831234926368207
212 16.75987048255314
213 16.673055381240598
214 12.47639998768582
215 8.327044671642449
216 12.297594967423308
217 12.233140543654969
218 8.167806488390843
219 8.138379892297879
220 4.0967088796537805
221 0.10773490559801338
222 0.11505019496288402
223 0.1221939729280644
224 0.11396438424380238
225 0.1210683231815003
226 3.9817522944242225
227 0.10617395631231079
228 0.09818273233062288
229 -3.7434844585268436
230 -3.719679108285342
231 0.1227961699570631
232 -3.610344798707875
233 -3.6022820705786534
234 0.12097113097117644
235 3.8904358733882516
236 3.866603982848196
237 0.13125460385102103
238 0.12350829287709642
239 3.794363696195653
240 3.771373159655293
241 3.762800696552464
242 7.42324256710068
243 7.399712458786036
244 10.981762109527436
245 14.512731861796633
246 10.932296416278737
247 10.881167248707582
248 10.830428713435776
249 10.793845669373884
250 10.743924984394045
251 10.694315205960487
252 7.161228225087518
253 7.139637304407429
254 7.104776272593194
255 3.610636903475956
256 3.603170732573063
257 3.5957970308993494
258 0.20493677080416772
259 0.19751026618080095
260 -3.224748363186125
261 0.16202895283909888
262 0.15497416456266877
263 3.5099407089054497
264 0.1781684807553254
265 0.17103444631766063
266 3.5147137655767
267 3.4950538863373484
268 3.4756153612861094
269 3.4690812878079575
270 3.462574940104754
271 3.443458613404503
272 3.424518951581587
273 6.6329652705806845
274 3.4239869177172877
275 3.405339340372852
276 0.1944204872880265
277 3.3539894282515044
278 0.20189086876994985
279 3.329977121846175
280 3.3119016808001214
281 3.306221633234808
282 3.30064812024681
283 3.2949417367099927
284 3.289330674530816
285 3.271817270414216
286 3.266340320349388
287 3.260947245806874
288 0.19049519672627863
289 0.19567335604981406
290 3.2330304923717277
291 3.216062390311584
292 0.21082769319164096
293 0.2041904304364993
294 3.2109731821279515
295 6.174551372651822
296 6.159452920554598
297 3.2219652415776268
298 3.2053954752920895
299 0.2974646957853439
300 3.1886313490385683
301 6.082730478007591
302 8.948509444503213
303 6.028911359428257
304 6.014730508832443
305 5.989384479902018
306 8.837320967503688
307 11.679581156011759
308 8.785674710784356
309 5.879279768556437
310 8.708110821520894
311 11.485985395773206
312 11.443663183768047
313 8.613798731602976
314 11.345201881297253
315 11.314547319738551
316 14.056617583422653
317 14.0176547820613
318 13.968204543313353
319 16.6565423922675
320 13.881819825525621
321 13.833320878768424
322 11.05857456249386
323 11.029558311760397
324 11.000780074847166
325 10.972178986144996
326 8.234780194041223
327 5.530459986956298
328 5.51882813976569
329 8.164878362488224
330 10.789568031597994
331 10.76210502783869
332 8.04595482630106
333 10.66755216180925
334 13.233334841241199
335 10.60386528323128
336 7.977376349184816
337 7.94861534647004
338 5.358119540438826
339 5.337262696233326
340 5.326619408155688
341 5.315950231189451
342 2.710933410701768
343 2.7080866397394283
344 2.6951801492255973
345 0.10476002739405753
346 -2.4470117186707756
347 -4.95075563323846
348 -4.9413827677871724
349 -2.4307923330223633
350 -2.4287728180816224
351 -4.889847276141867
352 -2.3999670896764442
353 0.10770495338507348
354 0.11226299233603264
355 2.620936046423961
356 0.16150095787491547
357 2.630011675751139
358 5.073665133880365
359 5.0642732333335525
360 2.6409322172771263
361 5.047064479736563
362 5.037814878035228
363 7.478505426988847
364 5.03263891156433
365 2.6001744044435076
366 2.5977297373456896
367 2.5859614440767733
368 2.5835650729026587
369 0.1765405827882701
370 -2.1651957636442
371 0.20098996707507943
372 2.572791540622494
373 0.19160852904091422
374 2.5430844526906142
375 2.5317988541759573
376 4.858730106388287
377 4.841248782115111
378 4.8238526452031145
379 4.815650038689143
380 7.117806204275852
381 9.386674193781294
382 7.065864414669939
383 9.326604742849966
384 9.297834285858105
385 9.278137281507478
386 9.25859411236194
387 6.979819700149141
388 6.966243748976658
389 6.952702570426653
390 6.93922394080881
391 4.692453602444373
392 2.4212998882146706
393 0.16170420815407832
394 0.16559990299073518
395 0.16078958933422666
396 0.1560300727446243
397 2.3411256319872815
398 4.560368538378267
399 6.782043013590847
400 6.76079154418228
401 6.748257128786861
402 8.909803032280447
403 6.710358013871137
404 4.5129827641105615
405 4.506057158967567
406 4.490798360570342
407 6.621180944956776
408 4.465398747844048
409 6.585405054963463
410 6.573509219905499
411 6.5616433205441815
412 4.439776563281326
413 6.5699425266334845
414 6.558256020879778
415 8.629138261219603
416 8.612511408206919
417 8.587789259548378
418 10.662216277406001
419 8.526510941594237
420 6.401684099227815
421 6.390535513249669
422 6.379502232342963
423 4.304003384971348
424 6.368463266048397
425 6.349436412256134
426 6.330460056897271
427 6.311634359618359
428 6.300877124795009
429 8.320990255291106
430 10.350544331184391
431 8.275735388036148
432 8.260532557696246
433 8.245384407268467
434 8.230336219296408
435 6.2046816300391265
436 8.230814107565575
437 6.217590326175983
438 4.213559347441137
439 2.1898223668959576
440 2.188727610158532
441 4.160083126248533
442 4.146855919891555
443 4.14140420471577
444 4.135897906898385
445 6.073268715191257
446 8.023271544208727
447 8.001443441662254
448 9.939114165057491
449 11.870569726887558
450 13.809095072187565
451 13.782298768488177
452 13.74807019822536
453 15.6814955032386
454 15.650769145620451
455 17.571533261413744
456 19.465918492944596
457 21.361178632731583
458 23.226543488826138
459 23.172267049670662
460 23.125663188629247
461 23.07918517119694
462 23.025498705233826
463 22.979478080807105
464 22.93361562190954
465 22.8879917774036
466 24.72585094534551
467 26.569282681606673
468 26.516209704561575
469 24.60136068949921
470 26.441780011078084
471 24.515089941225682
472 24.466777832013474
473 22.56726851811251
474 22.516039616388255
475 24.320518699246442
476 26.089311533065732
477 26.038179462319825
478 25.98733492572631
479 25.93662921012424
480 27.726955207107313
481 27.672894965471222
482 29.447052665102067
483 29.382589967943122
484 29.325424432528767
485 27.448228546677594
486 27.38824315765234
487 29.160939161832825
488 29.104675140706128
489 30.8533506007699
490 29.019675475723933
491 27.162592095710163
492 27.10387958717465
493 28.822338067411415
494 28.76050894026681
495 28.705884176229954
496 28.651446578365732
497 26.83106554395709
498 26.773750637972938
499 26.716716417104085
500 28.40915889522395
501 26.607319318250024
502 26.550893294210013
503 24.743630014811828
504 26.439843036531723
505 24.633806769569663
506 24.588486939664534
507 24.53662104601671
508 26.222647121812983
509 26.16774869003981
510 26.119781870097764
511 24.35424540574243
512 24.310065024664933
513 24.259354039198538
514 22.498685780135123
515 22.45172572700995
516 20.700036670872944
517 20.65668169160459
518 18.915221249652294
519 18.875501528964584
520 17.155167328478047
521 18.802460706224096
522 20.444023583652854
523 20.401684506461798
524 22.047498589676636
525 20.34278066834845
526 20.307347312772837
527 21.912581772515637
528 21.867886872235143
529 20.15565880092221
530 18.44933054011345
531 20.073774819490644
532 20.03926089578473
533 21.663218139468636
534 23.26582999629737
535 23.219155854929383
536 23.17903631334499
537 24.779835620230827
538 23.098767165617684
539 23.052750751265428
540 21.405864346916374
541 22.979286230589338
542 22.933743844172884
543 24.48938604827524
544 26.05480616127975
545 26.01011225012585
546 24.35142158123983
547 22.706546921796665
548 22.668257564238914
549 24.237544845746477
550 24.190358011284324
551 24.143371341295904
552 25.698939339205758
553 25.65558498050945
554 25.612382211125905
555 25.569330251736194
556 25.526437992097
557 25.483690033604034
558 23.85591118732959
559 23.81018428673214
560 23.770758504250512
561 23.725357335522194
562 22.107325611118586
563 23.648146939285734
564 23.603177758848354
565 23.55833342065454
566 25.056563414974672
567 23.440928410454084
568 23.402712851581136
569 23.35857389991715
570 21.76389487240974
571 21.722798781849345
572 21.687835780663878
573 23.195015428801256
574 21.629014164407515
575 21.588400292636784
576 21.553885933452396
577 21.51953689538856
578 19.98118568852499
579 18.41895252648308
580 18.390140733646376
581 18.361408347843895
582 18.332787537713585
583 16.804021254669415
584 18.277758443251606
585 18.249414596295274
586 19.710258445693917
587 18.158778475346573
588 18.130781614984425
589 18.09710484545886
590 18.06351444081851
591 16.558760355345626
592 15.050928112308341
593 15.028440586168719
594 15.00022478367177
595 13.507891707603356
596 13.482377277449904
597 11.999900078985418
598 10.522380998241548
599 10.501999156702688
600 10.487369123075098
601 11.936507988493753
602 11.919542634814347
603 13.377401575964237
604 13.358045489870895
605 13.333100169522917
606 13.308284119331226
607 13.28355552467405
608 13.264512548887813
609 13.239909827543439
610 14.6383270044419
611 16.050484471515926
612 14.607038430636024
613 16.00725199841155
614 15.978387051978451
615 14.522105133257124
616 14.49579274574277
617 14.469535890065504
618 14.448897614459728
619 14.422814379892904
620 14.40230124463436
621 14.376337419937126
622 14.3559872439029
623 15.736334726928279
624 15.708409486996812
625 15.686029079258788
626 14.274953217036725
627 14.254947145512023
628 14.234949816589877
629 12.826709867184032
630 12.803613562468243
631 12.786019837072216
632 12.768487225861458
633 12.751055003220388
634 11.346939853868285
635 12.695431235345783
636 11.276730177064472
637 12.657784735888855
638 11.243590023400674
639 11.223281004082901
640 9.841792424220865
641 8.464600929835127
642 9.802878758748284
643 9.790288778003395
644 9.772438314758245
645 11.117700486962761
646 11.103140203911968
647 12.433039490087817
648 12.4112462216522
649 12.394725038654572
650 12.378279963589936
651 11.013537058245744
652 10.999275623441218
653 9.655837364297774
654 9.643704968850873
655 9.626363107664174
656 8.268060988232238
657 8.25285240380548
658 8.23770243797673
659 6.890386343269586
660 6.882574380583754
661 8.1969703084861
662 6.868493496894531
663 6.855590300706779
664 5.513628605808287
665 6.817571488843214
666 6.809889549787629
667 5.501367397896034
668 6.789949763671049
669 8.099407097637965
670 8.089891508094869
671 6.767357595208984
672 6.759835288382695
673 8.063620042949573
674 8.054214022268289
675 8.044799330609129
676 9.327861782981259
677 9.311554231388632
678 7.998817232346177
679 7.989525415663514
680 6.7038556612327955
681 7.988313769277515
682 7.974128081088567
683 6.657914479384695
684 6.650677927048165
685 6.638441711936415
686 5.3659740305260035
687 6.620664741612549
688 7.8778265346620735
689 9.133344072503814
690 9.117597565011751
691 9.10687472147512
692 10.357159455033537
693 10.339743134542541
694 10.327296779647774
695 10.314891210535535
696 9.045862041974965
697 9.035317942319914
698 10.285152482860553
699 9.015556182560672
700 7.751136920124548
701 9.001430555205527
702 8.991056074001296
703 7.725458368178538
704 6.476490418281002
705 6.464847553652802
706 7.693652482958026
707 7.680371474613514
708 6.434630963570414
709 7.660672785517474
710 7.652311244946531
711 8.871230512314959
712 8.861157572202629
713 10.08396679176391
714 8.847241410435059
715 8.832445647421023
716 8.822495485067682
717 10.019867865907171
718 8.7768004507136
719 8.76695235609037
720 8.757136168307378
721 8.74262975268046
722 9.945848464084877
723 11.148738013874025
724 9.91012308322046
725 8.688553468298494
726 8.674237732777978
727 7.452773356201487
728 7.44489107250807
729 8.649072439709016
730 8.634884514885856
731 9.823424959716398
732 9.812326424460414
733 8.594551209437226
734 9.783154331617018
735 8.580314787840805
736 8.570998302998673
737 9.749949390356901
738 9.734402061941584
739 8.536263885493481
740 8.522406840248674
741 9.699890592894125
742 9.684484882700131
743 10.868744974875797
744 9.679392248425797
745 9.664097652702146
746 9.648858808435456
747 9.638263915775344
748 10.796098165519007
749 10.78393839502121
750 11.948502443977034
751 11.934872437271263
752 10.736024944892486
753 10.724035707784301
754 9.553902357766217
755 9.54348526650585
756 10.684152457135877
757 9.518720316030432
758 10.668974245480895
759 9.511783281926796
760 9.501510982392123
761 9.491258401800723
762 9.481044321749051
763 10.618230469034865
764 9.461754499693695
765 10.599247113385637
766 9.441705109944234
767 8.28253260787908
768 7.124574566866992
769 5.9584961430229235
770 7.1079117118608135
771 7.1008966475812745
772 8.222436172788582
773 8.209614114362845
774 7.073366357013981
775 7.062021977293128
776 7.050710340318592
777 7.043818847495288
778 7.032577448592722
779 5.892084796104822
780 7.016347387632299
781 7.0051877915503935
782 6.994073324328992
783 6.987327850617133
784 6.976226890206253
785 8.10057530610309
786 6.986785143440133
787 6.975727188859507
788 6.969054860927326
789 5.853836850359563
790 5.8486189925041705
791 5.843397638438613
792 5.833829618704056
793 5.828646957116973
794 5.819141699076967
795 5.809681156689826
796 5.8045284534809545
797 6.897825985442402
798 7.993239571363562
799 7.9853690427475
800 9.066549094078592
801 10.155629341451387
802 9.032378934300509
803 9.018998179204315
804 10.114246243448552
805 9.017286986652916
806 9.00821354976129
807 8.999167596666702
808 8.990133103542531
809 8.981150695594382
810 8.972176889066418
811 7.876483707992799
812 7.868882952834675
813 7.857117281338204
814 8.92981031034074
815 9.98175644198109
816 11.054817772782094
817 12.125262881725213
818 11.038113830003352
819 9.936713832471971
820 8.844585557335654
821 8.831755369743052
822 8.818920454755728
823 9.862444205226353
824 9.852537473366048
825 8.790575721765332
826 8.777846979882456
827 9.826107999656731
828 10.880075472273951
829 10.869030703433769
830 10.857982851727545
831 10.84699125034612
832 10.836038004004434
833 10.8250662992863
834 11.858764553253126
835 11.842520013373012
836 11.826295407206267
837 11.810128475720187
838 10.746704728053913
839 11.778088783828258
840 12.806565205185645
841 11.744103021684358
842 12.772276936607142
843 12.759144923039043
844 13.779942700581312
845 13.761613640957906
846 12.693812156947827
847 11.644494872792365
848 11.63279615122085
849 11.617050631095951
850 10.576407736109228
851 10.565982682608665
852 10.555578934740227
853 11.579789246788472
854 12.586424329723915
855 11.54706084932017
856 11.535585286388892
857 10.493986493516452
858 9.443284313281357
859 8.411157003602538
860 9.425829196493005
861 9.41683954769258
862 9.407926613523639
863 8.364570401748757
864 7.346143225119595
865 6.325292527364302
866 6.319957789517314
867 6.310711462223988
868 7.30912010121638
869 7.302701929804853
870 7.296285764146329
871 7.285951545190262
872 7.275619760077095
873 7.269216711189905
874 7.258937212920342
875 8.248284662365046
876 8.236921978678964
877 8.225574198126656
878 9.211651138269044
879 9.203111633272881
880 9.19458153435144
881 9.182210749215686
882 9.169876468794348
883 9.16144020399473
884 9.152998865700999
885 10.138169762902923
886 10.128630454009732
887 10.115273999439443
888 11.105682972223374
889 12.087799161356859
890 12.072271601462527
891 12.056809908473227
892 12.041388245137194
893 12.026004150827076
894 11.028610853148265
895 11.018196888710332
896 11.007814777351852
897 10.993630117498045
898 10.983286906060567
899 10.969173494018682
900 10.955082911641743
901 10.94103129215419
902 9.958406592592965
903 8.977201987932862
904 7.99268158430749
905 7.981965443057822
906 6.995662532216361
907 7.953856870684398
908 7.943204445992196
909 6.961741102144138
910 5.991785032005479
911 5.983335842896096
912 6.94324427644521
913 6.937486442718035
914 5.980610132964784
915 5.015426229620828
916 4.06423647638368
917 4.06167845179291
918 3.0975271213558773
919 2.139360117212931
920 2.135184755305553
921 2.134725026356321
922 1.167552394189375
923 2.1316176265712445
924 3.0683230844123504
925 3.063163091326936
926 3.0580105256978594
927 3.0528756820900944
928 2.1005204789911933
929 3.041292714775625
930 3.981208165003562
931 3.97512057075164
932 3.9727022554847653
933 3.970268479754021
934 3.96418138120429
935 3.958107143471253
936 3.018303308142721
937 3.0169325365161708
938 3.011878259845953
939 3.939780912571051
940 3.9373858584754102
941 2.9935555067534483
942 2.9885392630127137
943 2.0419995163588616
944 1.1016918137151477
945 2.0254039742338867
946 1.097586728665766
947 2.019712346259681
948 2.0157727079446306
949 1.0852721646386783
950 2.014542520429278
951 2.010628056494864
952 2.0103212462987945
953 2.006414979885862
954 1.0811209064065292
955 0.16448736583029142
956 0.16609563165965338
957 0.16411992950474386
958 1.0780297315962923
959 1.078697630468284
960 1.0757975014296273
961 1.0764526822258944
962 0.1562086363735574
963 0.1578245852536918
964 1.0678958661680245
965 1.0685367259705298
966 1.9795574749139249
967 1.9757475183529012
968 1.9754948137104917
969 1.9716933611873662
970 1.9679025162308408
971 1.9641194793998695
972 1.0611834404980114
973 0.16978869123005144
974 0.17137521698485436
975 -0.7223863474158021
976 -0.7233921812506706
977 -0.724416323317096
978 -1.6173460443606613
979 -1.6139610045055464
980 -2.507369283787502
981 -3.4014851081278206
982 -4.2984268946039865
983 -5.190406704686069
984 -5.183396014253259
985 -5.1763727787356215
986 -5.172871348030782
987 -6.055593461378716
988 -6.04772217863203
989 -6.927045293440326
990 -6.921769571093667
991 -6.9165149979753755
992 -6.911261884314757
993 -7.800171431089435
994 -7.790605736085896
995 -8.676526390613596
996 -7.773236944556099
997 -6.895190601490264
998 -6.886565793865581
999 -6.881405814189058
1000 -6.872800429394721
1001 -7.7492494993231205
1002 -8.625347855487068
1003 -8.618477592412136
1004 -9.477977624895637
1005 -10.338848742026151
1006 -10.330263394865787
1007 -9.450016929207798
1008 -8.580178635443488
1009 -9.435149865808416
1010 -8.543621515299499
1011 -8.533485295351623
1012 -9.40409423613608
1013 -10.264617914289245
1014 -11.123360147992512
1015 -11.110737710867122
1016 -11.098126758889201
1017 -10.222574056010627
1018 -11.071376940379869
1019 -11.058828181542452
1020 -10.17444846357212
1021 -11.022161746500265
1022 -11.009698690421796
1023 -11.845726265110754
1024 -11.832511354614029
1025 -11.819288172080723
1026 -10.949065432254717
1027 -11.796651373644622
1028 -11.786834990549515
1029 -11.773738926428177
1030 -11.763976007837762
1031 -10.902498245247772
1032 -10.046071977463987
1033 -10.03800038085579
1034 -9.176519961924894
1035 -8.317764876974591
1036 -7.460961663735876
1037 -7.455417606579972
1038 -8.282796190519303
1039 -8.273173594026314
1040 -8.266857725685515
1041 -7.427048654131634
1042 -7.421539322962204
1043 -6.57446409108714
1044 -6.56650795106022
1045 -6.561847759694417
1046 -5.7089207519168905
1047 -6.552829764561808
1048 -6.548204379525624
1049 -7.376755455163861
1050 -8.213166613567807
1051 -7.35757988591627
1052 -7.3522341733764875
1053 -7.343605375211776
1054 -7.335017391551776
1055 -7.3296749188241
1056 -7.321101382934922
1057 -7.315791097239078
1058 -7.30725842664333
1059 -6.473089223669418
1060 -6.468590715458029
1061 -6.460861856023478
1062 -5.6237883746838015
1063 -4.796002619704124
1064 -5.616181695612927
1065 -6.4381657906305705
1066 -7.251017375702247
1067 -7.24582651350191
1068 -8.062670302311027
1069 -8.053548067738062
1070 -8.04760896549144
1071 -8.853873112307832
1072 -8.847218990608601
1073 -9.669363692526204
1074 -9.661972971345639
1075 -9.654581205894631
1076 -10.472372897925927
1077 -10.464247436314134
1078 -10.45611918219761
1079 -10.444845550515844
1080 -9.610460325752818
1081 -9.599967997887164
1082 -9.592685807322471
1083 -10.394038774892824
1084 -9.567468193200757
1085 -10.373579576827042
1086 -11.166557844582899
1087 -11.157860321860399
1088 -11.956128191220563
1089 -11.943584366571137
1090 -11.934185937934224
1091 -12.734698240247756
1092 -12.724606456902654
1093 -13.52686980125276
1094 -14.306346508688183
1095 -15.084399514374866
1096 -14.266777577875066
1097 -13.453893970797084
1098 -14.246921680684995
1099 -13.435535455873936
1100 -13.42178587959024
1101 -13.41115008350802
1102 -13.397430244338594
1103 -14.182784889605767
1104 -14.960642833978438
1105 -14.948647147750288
1106 -15.725648795147182
1107 -15.713007509963688
1108 -15.697301728405787
1109 -15.684708801776944
1110 -14.878106718195138
1111 -14.866266819241002
1112 -14.854437757933434
1113 -14.053967147714735
1114 -13.247903655793714
1115 -13.237548560889481
1116 -13.227226872886744
1117 -13.992143381587903
1118 -14.755691524441655
1119 -15.529841257564945
1120 -15.514436060924128
1121 -15.49906319668616
1122 -16.27455405156933
1123 -16.26156365800919
1124 -16.245570068545494
1125 -16.229605059794427
1126 -15.43749199106174
1127 -15.425330725849635
1128 -15.413170071554731
1129 -14.627553465326882
1130 -15.397085116621039
1131 -15.384981692717039
1132 -14.60613065965315
1133 -14.591734542107476
1134 -15.356125604098104
1135 -16.12040823016281
1136 -16.874674972297374
1137 -16.861332985193837
1138 -17.608940748029415
1139 -17.59195792825887
1140 -16.80091382531503
1141 -16.015248165543476
1142 -16.00273391932159
1143 -15.990233771340035
1144 -15.97476671369879
1145 -15.198431188090652
1146 -15.955515372208843
1147 -16.696857022046153
1148 -15.917969046080374
1149 -16.667793737412477
1150 -15.898823950969726
1151 -15.112119115363699
1152 -15.857945323027359
1153 -16.615475606734744
1154 -16.599599623061774
1155 -17.341946016032217
1156 -16.564800848587097
1157 -17.31229125307361
1158 -18.05354981877321
1159 -18.03649604464738
1160 -18.01949130800873
1161 -18.00247905955687
1162 -17.985519378335567
1163 -18.721820660335194
1164 -17.940272909009597
1165 -17.164957847144887
1166 -17.901256948762438
1167 -17.12212369423395
1168 -16.35890914554992
1169 -16.346357262689363
1170 -16.333856647769874
1171 -15.559283587273441
1172 -14.79572586745637
1173 -14.78456324765255
1174 -14.77051495749064
1175 -14.00779977264198
1176 -13.254768896809928
1177 -12.496412794061296
1178 -12.484359820977456
1179 -11.73785996778572
1180 -10.974015644226945
1181 -10.231221467053825
1182 -10.95545426423534
1183 -10.214185149421695
1184 -10.952645985557103
1185 -10.944842410507581
1186 -11.666928118885721
1187 -11.658546989827393
1188 -11.6473116822129
1189 -10.895036176920007
1190 -10.142856886495938
1191 -9.392197804168308
1192 -10.12610281868821
1193 -9.39148379894446
1194 -9.382197289922063
1195 -8.641226474179257
1196 -8.632573166590122
1197 -7.893473814391233
1198 -7.88546873777338
1199 -7.143762902929793
1200 -7.8720719173484275
1201 -7.866932221457493
1202 -7.130641866280886
1203 -7.126137404540888
1204 -6.388459659561596
1205 -7.115778999355351
1206 -7.111303680740493
1207 -6.372853288769937
1208 -5.63561833148462
1209 -5.632380641170757
1210 -5.6263321236362485
1211 -5.620291871234997
1212 -6.349646780443192
1213 -6.345831106174357
1214 -7.053920132083858
1215 -7.768604162538251
1216 -7.763641884436929
1217 -7.7558662566334995
1218 -7.748076755522127
1219 -7.740322232172946
1220 -7.732584839234823
1221 -7.724857928770606
1222 -7.719937224766825
1223 -8.429649690424444
1224 -9.130496306361374
1225 -8.401498260261725
1226 -9.11675134011745
1227 -9.821875349085488
1228 -9.812482099428351
1229 -10.513650119168187
1230 -10.503729253225524
1231 -10.496568627070337
1232 -11.197710949892437
1233 -11.187240488937178
1234 -10.456125639150196
1235 -10.449052865954142
1236 -10.442002249533969
1237 -10.432184969754577
1238 -10.425159355070873
1239 -10.418108377751356
1240 -9.699192268131778
1241 -9.692748094537453
1242 -8.967552836906863
1243 -8.958966844571801
1244 -8.950407373643442
1245 -8.9418616661496
1246 -8.936075056543556
1247 -8.92753134536886
1248 -8.918990738224297
1249 -8.205030852775328
1250 -8.199838999379857
1251 -8.191913284033284
1252 -8.186719262605292
1253 -7.479899893931217
1254 -6.767708209981264
1255 -6.763682331645968
1256 -7.460933520336309
1257 -7.456375680737473
1258 -6.751215610274534
1259 -6.7444882524215375
1260 -6.043835541488878
1261 -6.745386755522957
1262 -6.7386931266853205
1263 -6.035479729720654
1264 -5.3269154788512365
1265 -6.021682324410953
1266 -5.318742004366156
1267 -4.626654196781139
1268 -4.624360265707702
1269 -5.3044348179743475
1270 -5.9973461087975
1271 -5.991262838081987
1272 -5.304682841710083
1273 -4.601695312508765
1274 -5.282186900457882
1275 -5.965163951926331
1276 -6.646802867715864
1277 -5.958019615581694
1278 -6.6385608446252204
1279 -7.328912588946522
1280 -7.324531603128614
1281 -7.320130206157816
1282 -6.632672126712182
1283 -6.626161362929173
1284 -6.619667194698522
1285 -5.92996815098745
1286 -5.926691212387547
1287 -5.230011641563268
1288 -5.22462965310033
1289 -5.219238955944978
1290 -5.216520450869008
1291 -5.896303863523281
1292 -5.2084453418119345
1293 -4.526862686850959
1294 -4.524684363817224
1295 -4.519853143384147
1296 -4.515041663249195
1297 -3.8319769994844015
1298 -3.827705560620988
1299 -3.150574180420549
1300 -2.4703768504408314
1301 -2.46717392850936
1302 -2.463973873915777
1303 -2.4633890688226523
1304 -1.7823590140339856
1305 -1.1034399840524327
1306 -1.103912570440516
1307 -1.7730969125711709
1308 -2.44401225441044
1309 -2.443449617959236
1310 -3.1173806547104093
1311 -3.11632372522323
1312 -3.774218591084801
1313 -3.7726482423065386
1314 -3.7684839003014834
1315 -4.430488026874562
1316 -4.425813906298873
1317 -4.423741628907913
1318 -4.419105753557045
1319 -4.414454567758331
1320 -3.741256514970718
1321 -4.405365512983158
1322 -5.06449498722219
1323 -5.059357994717094
1324 -5.056824255451546
1325 -4.399222193675939
1326 -5.0616789689352615
1327 -5.059145159453975
1328 -5.054043537861806
1329 -5.051533744324399
1330 -5.7030412454232895
1331 -5.69748748416429
1332 -5.031770250654762
1333 -4.363859614486232
1334 -4.359310478937794
1335 -4.357329783122631
1336 -5.013813688404491
1337 -5.008788631638945
1338 -5.003784809361497
1339 -5.001329275606569
1340 -4.996325238706678
1341 -5.653008420317866
1342 -5.650088511637017
1343 -4.995092404402795
1344 -4.334518000688556
1345 -4.332568433881521
1346 -3.673474204650525
1347 -4.318577121658201
1348 -4.316640587741858
1349 -3.6542187915777498
1350 -4.3041262168354
1351 -4.299682515870113
1352 -4.297775379314252
1353 -4.29585936613802
1354 -4.9371675227464795
1355 -5.578543139071495
1356 -6.218182421496678
1357 -6.212345903251231
1358 -6.2090265669507
1359 -6.2032093229913565
1360 -5.549524416054571
1361 -5.544174474457897
1362 -6.183332883450753
1363 -5.53604551419255
1364 -4.891001558284857
1365 -4.886173488434635
1366 -4.881346046143542
1367 -4.87650637019858
1368 -5.51749938345925
1369 -5.512227800891101
1370 -6.1463885610136
1371 -6.1406614896732234
1372 -6.137441898167654
1373 -6.134227431366474
1374 -6.1285336595894195
1375 -5.4882191548596095
1376 -5.482995657081901
1377 -5.477787225239209
1378 -5.475037741371974
1379 -5.469831281429285
1380 -5.464612759381438
1381 -5.461897675244084
1382 -5.459179521753946
1383 -5.456470330059216
1384 -6.090174134909663
1385 -6.084532578173966
1386 -5.437279319352631
1387 -4.791975987592773
1388 -5.422046872355554
1389 -6.049862497131405
1390 -5.404503055131557
1391 -6.0231668980540425
1392 -5.384632362791406
1393 -6.012234918856623
1394 -6.009152419559872
1395 -6.63768224872939
1396 -6.6316869683616755
1397 -7.25787130040972
1398 -7.253897124112985
1399 -7.249931097753106
1400 -7.876322803703084
1401 -7.869478151287964
1402 -7.865100311021011
1403 -8.480703596762158
1404 -9.0996393772393
1405 -9.714464836833876
1406 -9.706348841514362
1407 -9.700659886757565
1408 -9.06578845258535
1409 -8.42699104283713
1410 -8.422231338774798
1411 -9.037153873277955
1412 -9.031960908216943
1413 -9.02677147880726
1414 -9.019162909093097
1415 -9.624990997211919
1416 -10.235645995920606
1417 -9.60062455670738
1418 -9.595077200878482
1419 -10.21622215132371
1420 -10.207830940546485
1421 -10.817169502532536
1422 -10.81078224618098
1423 -11.411734548580226
1424 -11.40251384682572
1425 -10.781930040541896
1426 -10.153331350207997
1427 -10.14740659709913
1428 -9.523327273466338
1429 -10.133471780090703
1430 -10.125197116501594
1431 -10.724438045904515
1432 -11.331979731011703
1433 -11.325248639486631
1434 -11.31615686871626
1435 -11.929182880757711
1436 -11.922059004902264
1437 -12.526871676123994
1438 -12.519340210829334
1439 -13.126073450279286
1440 -13.11578519441777
1441 -13.105499829087401
1442 -12.48542814574509
1443 -12.477955215289755
1444 -11.865748890099328
1445 -11.252476766875235
1446 -11.24588345289388
1447 -11.236928211637405
1448 -11.23034329770504
1449 -11.221416849486992
1450 -11.212514958159357
1451 -11.81102018835637
1452 -11.19632655797913
1453 -11.18743815158916
1454 -11.180914447796853
1455 -11.777790103132826
1456 -11.770865810765711
1457 -12.360972636019715
1458 -12.353668659172696
1459 -12.344030700748865
1460 -12.946093677497121
1461 -12.936054835383342
1462 -12.926035406190039
1463 -12.325083975565693
1464 -11.724220876848108
1465 -12.3139584123132
1466 -12.30672203293689
1467 -11.701407491446677
1468 -11.692287771027752
1469 -11.083369764300683
1470 -11.670594621837825
1471 -11.661500049600146
1472 -12.24873947043787
1473 -12.239248317270839
1474 -11.632972572931116
1475 -12.212384732269623
1476 -12.205265684700061
1477 -12.198156777365716
1478 -12.191062197278152
1479 -12.183966566706903
1480 -11.577350054310948
1481 -11.570690858842603
1482 -11.56171340867195
1483 -12.15378133073729
1484 -12.144431590020927
1485 -12.135092593003977
1486 -12.12578097427546
1487 -12.116478148374947
1488 -12.109479152870376
1489 -11.507520486473624
1490 -11.49866375125431
1491 -11.492089208441003
1492 -10.891965750415434
1493 -10.885808571180283
1494 -10.87736828500135
1495 -10.871240151242116
1496 -10.865102289146492
1497 -10.85668572718272
1498 -10.848287419634437
1499 -10.842182229877373
1500 -10.833828499367936
1501 -10.827746448748501
1502 -10.821679417009259
1503 -10.815624563034103
1504 -10.80957958591782
1505 -10.210370721154652
1506 -10.204733448303214
1507 -10.19909356296701
1508 -10.193449886905803
1509 -10.776019080113713
1510 -10.767759051198137
1511 -10.759486722809125
1512 -10.163079334666923
1513 -9.579403832478091
1514 -10.15617893310891
1515 -10.150611323741856
1516 -10.145036589219117
1517 -10.137205654769652
1518 -10.131655695450267
1519 -10.126107976440489
1520 -10.120572620803319
1521 -9.533499985163383
1522 -8.946285481157435
1523 -8.370720640334559
1524 -7.790622869098096
1525 -7.786626793756915
1526 -8.356335859702526
1527 -7.777138568685872
1528 -8.351429124440656
1529 -8.344854361493038
1530 -8.920831406596129
1531 -8.344129567987038
1532 -7.76798854976779
1533 -7.764021396169466
1534 -7.760078149865376
1535 -7.753894562051392
1536 -8.312821653871167
1537 -8.30630361144713
1538 -8.869179671195164
1539 -8.864524380445284
1540 -8.859892706235266
1541 -8.283322371603292
1542 -8.844944023984807
1543 -8.840327242855864
1544 -8.269428647870859
1545 -7.699067881446971
1546 -7.692980288609537
1547 -8.247977966338686
1548 -8.241541892215466
1549 -8.235114117226498
1550 -7.6602474215953595
1551 -7.65420087290596
1552 -7.650367412626766
1553 -7.079031056944689
1554 -6.5118605669827545
1555 -6.508786538384707
1556 -7.067635600713977
1557 -7.062001482019151
1558 -7.056378055424571
1559 -7.607319689617311
1560 -8.164026120210814
1561 -8.157704463394376
1562 -8.716521069300912
1563 -8.712023194070095
1564 -9.261209219580332
1565 -8.69461550781957
1566 -8.127349722709834
1567 -8.687123658918695
1568 -8.682671035125937
1569 -9.235498747286774
1570 -9.230710878498588
1571 -9.223741280277617
1572 -9.216801023684859
1573 -9.209853433945613
1574 -9.202929503216119
1575 -8.647076273311075
1576 -8.083440054880022
1577 -7.514401499082609
1578 -8.064821984522181
1579 -8.060812517350639
1580 -8.056787935274832
1581 -8.052782363513208
1582 -8.046612381360275
1583 -8.04261486548439
1584 -8.038602056589252
1585 -7.479923733912117
1586 -7.476288892198685
1587 -7.470491621957761
1588 -8.021524798094255
1589 -7.46289892159348
1590 -8.01236538780964
1591 -8.006253047900305
1592 -7.450899822473183
1593 -7.445163951847941
1594 -7.439433611566864
1595 -7.4358429744486045
1596 -7.43010544705733
1597 -7.424383321290589
1598 -7.418675556644973
1599 -7.965945012984206
1600 -8.503245960270938
1601 -8.498999966261945
1602 -9.043703824089054
1603 -9.039125512607773
1604 -9.583684147155221
1605 -10.126884236309445
1606 -9.571069753393491
1607 -9.5661768222479
1608 -9.559172602847374
1609 -9.554281268097505
1610 -10.098414305682107
1611 -10.091089422290887
1612 -9.53209464960448
1613 -8.978015037653254
1614 -8.43178600366212
1615 -7.882082747889809
1616 -7.332876636683417
1617 -7.872333727793469
1618 -7.868522289300793
1619 -7.321686914393249
1620 -7.316126402666132
1621 -7.312653360823393
1622 -7.3091963671064075
1623 -7.303632331210256
1624 -7.300196206051562
1625 -7.8398258203418205
1626 -7.833961216260053
1627 -8.376785139389701
1628 -7.8243425429388145
1629 -8.360379928050211
1630 -8.35420292846096
1631 -8.348045232946154
1632 -8.343979243615443
1633 -7.804313971508134
1634 -7.263619954185787
1635 -7.260230115615855
1636 -6.718118121069856
1637 -6.181792972508631
1638 -5.648319679685517
1639 -5.643835059479745
1640 -5.641428213695792
1641 -6.172519763490466
1642 -6.1698068705746145
1643 -5.624604041175864
1644 -5.620127706010539
1645 -5.617745859076004
1646 -5.613296787322834
1647 -5.078200851001929
1648 -5.074076622374714
1649 -5.6020938775806615
1650 -5.067090139048295
1651 -5.065069932510167
1652 -5.593157989080481
1653 -5.590821976470391
1654 -5.586414763265842
1655 -5.584075578983753
1656 -5.579673715982027
1657 -5.046938450355752
1658 -4.514662528861768
1659 -4.510911599427597
1660 -3.978293584631773
1661 -3.9769360219342413
1662 -4.501665860382372
1663 -4.4999823508443795
1664 -5.023579691570883
1665 -5.544662889001766
1666 -5.54236043759408
1667 -5.538003152453142
1668 -5.535713299200262
1669 -5.5334069054221535
1670 -6.051797769594749
1671 -5.523066622104859
1672 -5.518725987766681
1673 -4.987930254215667
1674 -5.508062739328566
1675 -6.022767756852597
1676 -5.5014898720978636
1677 -6.017921011235462
1678 -6.530583696924372
1679 -6.527719283699489
1680 -6.524850470245619
1681 -6.5219912658770305
1682 -7.041088538592936
1683 -7.035902899482936
1684 -7.551938470423016
1685 -7.033347178906085
1686 -7.030186635217288
1687 -7.027047515084154
1688 -7.021857030199258
1689 -7.016684183191624
1690 -6.495192707140092
1691 -5.975309622503112
1692 -5.97278605076797
1693 -5.970274807230614
1694 -5.967762876870034
1695 -5.963237949214831
1696 -5.440021889787534
1697 -5.437836694859562
1698 -5.435644687568684
1699 -5.946240514990383
1700 -5.94173216786647
1701 -5.418428198674472
1702 -5.416262110483135
1703 -5.41409205325486
1704 -5.411932310438434
1705 -5.409755210267093
1706 -5.923013995542085
1707 -5.918543842143862
1708 -5.916078728303279
1709 -5.913630318337636
1710 -5.392272363894567
1711 -5.38813368046137
1712 -5.8975252725794824
1713 -5.895079624085524
1714 -6.404868552067808
1715 -5.884744155373128
1716 -5.362084186819498
1717 -5.357968429855949
1718 -5.353840106572785
1719 -5.3497430413622675
1720 -5.347633096458504
1721 -4.836504948032963
1722 -5.347173049173415
1723 -5.853331364110641
1724 -6.361018500670445
1725 -6.358310083253355
1726 -5.844983365954814
1727 -6.349681088201519
1728 -6.346993089276975
1729 -6.342325089236821
1730 -6.339639703620961
1731 -5.825973299293313
1732 -5.821634391504861
1733 -5.308859699883947
1734 -5.3048184263177784
1735 -5.302741858255103
1736 -5.298708416062981
1737 -5.294665427853524
1738 -5.796490441638803
1739 -6.299791981091873
1740 -6.295187301421576
1741 -6.290576780774809
1742 -6.287941153338812
1743 -5.773141138822727
1744 -5.770825399047381
1745 -6.269346250012515
1746 -6.7619035475414915
1747 -6.258354687195426
1748 -6.756752624837769
1749 -6.243455589670534
1750 -6.24086046618998
1751 -6.236318369610073
1752 -6.740344650470821
1753 -6.23130368274134
1754 -6.228723364932847
1755 -6.226145220662371
1756 -5.72627385188085
1757 -5.723974507386658
1758 -5.721703605587576
1759 -5.225193843962979
1760 -5.221256001124434
1761 -5.2173167255332515
1762 -4.722713034011607
1763 -4.72101022154236
1764 -4.223475969655079
1765 -4.220121805036349
1766 -4.218688552856935
1767 -4.712074257483798
1768 -4.710390104041002
1769 -4.218030139179698
1770 -4.214685828322634
1771 -3.7168421099629545
1772 -4.2036127339051905
1773 -4.2022088185602895
1774 -3.703157640982018
1775 -3.2102284535371512
1776 -2.709772355097323
1777 -2.21778712678287
1778 -2.2155645955975842
1779 -2.706774467956848
1780 -2.706215802887898
1781 -2.705650445214894
1782 -2.7050995538897253
1783 -2.702609607986629
1784 -2.209246065781473
1785 -2.2070636634569256
1786 -2.204873442749729
1787 -2.2045939442097873
1788 -2.691576503585296
1789 -2.6910157640831684
1790 -2.6904556603393615
1791 -2.6879954254025376
1792 -2.6855364279962592
1793 -2.685000134452348
1794 -2.19615458792038
1795 -2.680499051994919
1796 -2.196078678053395
1797 -2.193892910231986
1798 -1.698077810175602
1799 -1.6980781608446835
1800 -1.6980837448677857
1801 -1.2087213419144833
1802 -1.2071003159711662
1803 -1.207371812176283
1804 -0.7175056552256783
1805 -0.22347946822408257
1806 -0.22240115063162016
1807 -0.22321129143126267
1808 -0.22402170004367283
1809 -0.7056869783774518
1810 -0.22593855071421465
1811 0.2569603167041259
1812 0.2577574596984769
1813 0.741433633977052
1814 1.2222428823087184
1815 1.2206196288728661
1816 1.6977222431147203
1817 1.6977366844249284
1818 2.1869017147869916
1819 2.184747427919589
1820 1.697723764812093
1821 2.1725050190519584
1822 2.1703728168417524
1823 1.6910978024827126
1824 2.1678322219797788
1825 2.1675890147239807
1826 1.6821750451498048
1827 1.6803155724564032
1828 1.6803451996002072
1829 2.1582070722812396
1830 1.6738545137106542
1831 1.1937122996744003
1832 0.7158159124099963
1833 1.1916599601812057
1834 1.6716051831252083
1835 1.1926764274794963
1836 1.1929594835690736
1837 1.1932351255416915
1838 1.1916565902823117
1839 1.191932320952645
1840 0.716866373980594
1841 1.1996870513272753
1842 0.724386509853211
1843 0.7249241265643253
1844 0.7254573181455964
1845 0.7241326557781266
1846 0.7228022772554848
1847 0.7233335683084069
1848 1.1989397752379096
1849 1.677091659709592
1850 1.6752721426014754
1851 2.1503879222139495
1852 2.6218976737203517
1853 2.6213927867315845
1854 2.620898330276819
1855 2.6185504115162277
1856 2.1409045814638437
1857 1.6599409903331699
1858 2.1347745865990317
1859 2.1345450840793063
1860 1.663153688689444
1861 1.1960380945031082
1862 0.7273202919787521
1863 0.7278467595635346
1864 0.7265460775131226
1865 0.2588385577076545
1866 0.25961379226764086
1867 0.2603896442280913
1868 0.25932351145760035
1869 0.7268151134542208
1870 0.7255074343829424
1871 0.254232848426883
1872 0.7271784888814138
1873 0.259996914491247
1874 -0.21196590105956
1875 0.2578712822443052
1876 0.7237806847291968
1877 1.1901387810733617
1878 1.1904286384692861
1879 1.1888822523396136
1880 0.7196172921578347
1881 0.7183199741891759
1882 0.7188481609233703
1883 0.2524724904254446
1884 0.25143183124664736
1885 0.7108604550685883
1886 1.17479409763388
1887 1.6403313577697538
1888 2.1112269434878588
1889 2.1092165927630977
1890 2.1071828850576044
1891 2.105171352816747
1892 1.6359780953473368
1893 1.1732322076094133
1894 1.63071596075838
1895 2.094622048796865
1896 2.0944320972897623
1897 2.5579668337907626
1898 2.557517266021184
1899 3.0130675258451607
1900 3.010585925653887
1901 3.473393752158561
1902 3.4706626036337536
1903 3.4697418812601404
1904 3.002954670313052
1905 3.0004876995767176
1906 3.4620912769575987
1907 3.4611697138965805
1908 3.4602509296662514
1909 3.457535251347857
1910 3.454826694506865
1911 3.906328296307544
1912 3.903379512629026
1913 4.3618920521156435
1914 3.9044165860102242
1915 3.9014806333395655
1916 4.354323273071478
1917 4.813297009033303
1918 5.268277844475241
1919 5.722060882348222
1920 5.260007815617996
1921 5.256378260582306
1922 4.790957846819699
1923 4.3251235036085625
1924 4.778217476591473
1925 4.774849349982
1926 4.7732538793109685
1927 5.233157994655487
1928 5.23133475378464
1929 5.229520555414103
1930 5.225912579312513
1931 5.2240930236760095
1932 5.222285390691198
1933 5.220457219285081
1934 5.675668876553081
1935 5.673625240902329
1936 5.669822534923413
1937 5.667779441536888
1938 5.209329470663527
1939 5.205761939899287
1940 5.6543086851426745
1941 5.652283777063653
1942 6.105239917117686
1943 6.101206470893221
1944 6.546244265386141
1945 6.988965459641512
1946 6.98450606578234
1947 6.980027895758508
1948 6.527619016361963
1949 6.969441154933394
1950 6.518919401336152
1951 6.514712370143162
1952 6.059268780134524
1953 6.057046187185064
1954 6.054814651051603
1955 6.050845596392687
1956 5.600057991111705
1957 5.5980647561404355
1958 5.145241820672845
1959 5.14175453945579
1960 4.693207887392843
1961 4.691679498372993
1962 4.237907759699354
1963 4.6847611937695435
1964 5.127545159133567
1965 5.125803614295267
1966 5.57294561403972
1967 5.117850856822837
1968 5.116108562175217
1969 4.670875404774576
1970 4.219668374055456
1971 4.216663989879084
1972 3.7704640028998315
1973 3.325418704193901
1974 2.882216105961864
1975 3.325039262204928
1976 3.7658180431167168
1977 3.7630602484143134
1978 3.3134285335367997
1979 3.3126293003702925
1980 3.3100872462757174
1981 2.865479453780871
1982 2.4269628709406166
1983 2.4266122825523553
1984 2.4262634310846476
1985 2.4259068892688105
1986 1.9817674633620084
1987 2.4249082629491823
1988 2.4228340005970828
1989 2.4207549651981184
1990 2.418673854838355
1991 2.416610726337529
1992 1.9749023176462597
1993 1.9747653736020692
1994 1.9746258847398837
1995 2.4168476136757997
1996 2.8572298679974475
1997 2.4178196937128646
1998 1.9740635401565063
1999 1.53234102568449
2000 1.532427568294969
2001 1.092059736439735
2002 1.5338761260715381
2003 1.9682359034453658
2004 1.9681082161907653
2005 1.5350695648432366
2006 1.9777731402503784
2007 1.9759314356829154
2008 2.41286522085868
2009 2.4108142570156517
2010 2.4104681956435967
2011 2.8496516882262237
2012 3.279467451349412
2013 3.713583003882683
2014 4.151465272390839
2015 4.150251064134355
2016 4.147354610999273
2017 3.7084542962663574
2018 3.2740408127315197
2019 2.8358566284559292
2020 2.8336036970673826
2021 3.2730723552492664
2022 3.7047223448932978
2023 3.7037385329716477
2024 3.273907442918004
2025 3.2731420461462655
2026 3.2706755500819544
2027 3.269916326398934
2028 3.2691526845920436
2029 3.70667822991664
2030 3.7057067007350706
2031 3.7030359713157837
2032 3.700369875450277
2033 4.135977348427253
2034 4.133100721625817
2035 4.5622572025423
2036 4.560845975260202
2037 4.123845819268759
2038 3.694173677865935
2039 3.2650668349806984
2040 3.2643151988579624
2041 3.6876776035548566
2042 3.6867146129272705
2043 3.6857431289452087
2044 3.257546592013392
2045 3.255105497850735
2046 3.2526776111727895
2047 3.2502637903884946
2048 3.2478409201817313
2049 3.671612842722321
2050 4.096987524424997
2051 3.6605678513840023
2052 3.6596201128184873
2053 4.084231329379253
2054 4.083078259166076
2055 4.081925660310455
2056 4.080772863001482
2057 4.5045423124881045
2058 4.503179219601733
2059 4.50182547792709
2060 4.500480779198494
2061 4.4991296604854005
2062 4.91962305551225
2063 5.348300725863988
2064 5.34488618394871
2065 5.343114483896234
2066 4.916670715833743
2067 5.338800023511625
2068 5.7605210823426205
2069 6.180310057336123
2070 6.178145316802306
2071 6.1743310342290805
2072 5.746816881721423
2073 6.1682313318839395
2074 6.164436633634442
2075 6.587589664226372
2076 6.5852442668687665
2077 6.581238624953408
2078 6.577236830152844
2079 6.574893486918833
2080 6.5709204619461845
2081 6.140276847196777
2082 6.136494537966318
2083 6.550081898770021
2084 6.547761832972342
2085 6.966366729967857
2086 6.962211245994921
2087 6.958061026350297
2088 6.955543750714449
2089 6.951405618239092
2090 6.948901849008666
2091 6.528104691033513
2092 6.524171890613675
2093 6.521870866969057
2094 6.519578299168378
2095 6.934497130747286
2096 6.930369063042588
2097 6.92624657535832
2098 6.502821373349241
2099 6.923396666852953
2100 6.919275178371309
2101 6.9167981624731825
2102 7.330947140362594
2103 6.90767599854072
2104 7.321295288192914
2105 7.318622948586462
2106 7.31596641447211
2107 7.726142277685863
2108 8.142590883045404
2109 8.137908883529015
2110 8.549768955824383
2111 8.130712728217299
2112 8.127682906444752
2113 8.534459895448684
2114 8.529625078996942
2115 8.104978238850103
2116 8.515025960532947
2117 8.51182175797464
2118 8.508609438637745
2119 8.505394721858021
2120 8.921665649764059
2121 8.509035959407155
2122 8.504218087790626
2123 8.501007912049936
2124 8.907196773707943
2125 8.489198576605672
2126 8.484398471390188
2127 8.072492798816858
2128 7.660974255635045
2129 8.072034513904374
2130 8.069051646962
2131 8.476376318888686
2132 8.473205328641324
2133 8.47003370373452
2134 8.465268319078442
2135 8.051789285126315
2136 7.633409013092403
2137 8.03978989395454
2138 8.035240728627347
2139 8.439444497998718
2140 8.021669148992363
2141 8.434087091542203
2142 8.019489014953415
2143 8.424551946544888
2144 8.011502213966825
2145 8.006966061536147
2146 7.590556258255233
2147 7.993605815413491
2148 8.40087520940587
2149 8.396166312263365
2150 7.9849635789398885
2151 7.575426445659294
2152 7.572703229270237
2153 7.162275625576787
2154 7.158153944640349
2155 7.1540427826809685
2156 6.742083930328425
2157 6.7397534467720295
2158 6.328191374350226
2159 6.733514040336949
2160 6.7296026612551225
2161 6.727268628594459
2162 6.724949062812474
2163 7.129338742968218
2164 7.125249105006176
2165 6.7105492594895635
2166 7.109831789935712
2167 6.699808240960439
2168 6.29279805140094
2169 6.698195471559629
2170 6.293469800740546
2171 6.2913622373112155
2172 6.289255362846148
2173 6.285576264084303
2174 5.879066551273468
2175 5.472069751908001
2176 5.468774079325659
2177 5.874897031899036
2178 5.472039880663231
2179 5.874031234017439
2180 5.467019660589227
2181 5.465302205789335
2182 5.463579072902467
2183 5.056810976521516
2184 5.0552849545451535
2185 4.648299938496441
2186 4.64539768764781
2187 5.047092777245001
2188 5.045564892141254
2189 4.645111012172396
2190 5.04284827213634
2191 5.4389626317143795
2192 5.435694866380501
2193 5.030794332776718
2194 4.623173021577804
2195 4.620291674678466
2196 4.216176375105508
2197 3.8130648577569453
2198 3.8121029198294054
2199 3.811150599081717
2200 3.4082768145699918
2201 3.407498877361858
2202 3.4067243423755786
2203 3.0119569197974565
2204 2.6169247401187463
2205 2.614959781817129
2206 3.007083085221601
2207 3.006484645026931
2208 2.612792438395476
2209 3.008200568308145
2210 3.007618230445719
2211 3.005473450164821
2212 3.3957396862793954
2213 2.9952860017799297
2214 2.9947077703273166
2215 2.9941257019193324
2216 2.5996129420928082
2217 2.5976624471042133
2218 2.203680327441348
2219 2.2019139888027928
2220 2.201703430245373
2221 2.2014870999716676
2222 1.8076349655985768
2223 1.40664257837538
2224 1.7960042423173057
2225 1.7944305731963213
2226 2.1894186401223457
2227 1.788975056614626
2228 1.78893696047252
2229 2.1827703687334252
2230 2.5738560817267735
2231 2.964591202418021
2232 2.964031386272536
2233 2.963463798537437
2234 2.962913676412138
2235 3.349178998076933
2236 3.3484448040437074
2237 3.73405833276801
2238 4.130672237334781
2239 4.129593699091894
2240 4.518068197069404
2241 4.129498819204925
2242 4.12842561057615
2243 4.12581884715198
2244 4.124744271385601
2245 4.517387357135233
2246 4.514624050895996
2247 4.119864015569957
2248 3.724077389326684
2249 4.112580040281483
2250 3.7207670983139494
2251 4.107521049111633
2252 3.7143028660349025
2253 4.097152437659213
2254 4.4862462387983575
2255 4.483503196658194
2256 4.4822690627733
2257 4.481037207999175
2258 4.478294606208143
2259 4.090023071006639
2260 4.088974941657532
2261 4.087932381354729
2262 4.085367208944374
2263 4.084312565309778
2264 4.083263007057078
2265 4.080707620649049
2266 4.079663975765685
2267 4.460590002724801
2268 4.844729826503673
2269 5.229180215044992
2270 5.227625207808086
2271 4.843876404283192
2272 4.457665585701204
2273 4.072402138424759
2274 4.4594446067508215
2275 4.069433023984102
2276 4.068398591537891
2277 4.067361762053344
2278 4.064830305111119
2279 4.4460822248881815
2280 4.444888319956278
2281 4.8270159127676635
2282 4.824156254044705
2283 5.211705218380019
2284 5.210162877415837
2285 5.2086417956185525
2286 4.823429595483955
2287 5.204086796234539
2288 4.81223362160629
2289 4.810869167624019
2290 4.8080239537868055
2291 4.806673913460271
2292 4.805326562167241
2293 5.181620558726153
2294 5.567770019750334
2295 5.56458940270599
2296 5.94775019746238
2297 5.944415369058945
2298 5.941085279950379
2299 5.555112124613522
2300 5.553446154969791
2301 5.1675026597946285
2302 5.544466366491954
2303 5.928811451523244
2304 5.9255062633569855
1 -256.04682973423587
2 -128.02341486711794
3 -85.34894324474529
4 -20.858425902997467
5 -16.686740722397975
6 -60.69869120698946
7 -21.173951313547715
8 22.58891473256094
9 20.07903531783195
10 -9.852063317231856
11 16.428301623680696
12 15.05927648837397
13 32.13049513509752
14 11.375160035608221
15 -7.019282477166936
16 -6.580577322344002
17 -6.1934845386767075
18 -5.84940206430578
19 -5.54153879776337
20 7.77075159637233
21 16.308290699196537
22 28.328752196048825
23 27.09706731795975
24 25.96802284637809
25 14.501131169124944
26 2.1959318886663457
27 2.1146010779749993
28 12.77877003524316
29 12.338122792648567
30 11.926852032893615
31 19.48555233632413
32 10.729620416909293
33 10.404480404275679
34 18.335916931543352
35 17.812033590642113
36 17.317254879790944
37 23.895282290741203
38 23.266459072563805
39 22.669883198908323
40 22.103136118935616
41 21.564035237985966
42 16.08959451651078
43 10.869778944871644
44 15.273650181293915
45 14.934235732820717
46 14.609578434281136
47 8.799923653599567
48 4.719527895072896
49 4.6232109992550825
50 -1.070719667357551
51 -5.284519047352554
52 -5.182893681057313
53 -8.071532552550407
54 -3.922532171075348
55 -7.451972412509653
56 -2.3326166367004433
57 -2.291693537810962
58 -2.252181580262497
59 -7.390857318271583
60 -7.267676362967056
61 -7.14853412750858
62 -10.32351472015756
63 -14.605257698113418
64 -14.377050546580396
65 -14.155865153556082
66 -13.941382348199172
67 -13.73330201464396
68 -13.531341690899197
69 -16.29171834569407
70 -12.279815545669594
71 -12.106860397139037
72 -16.180849143328754
73 -15.959193675611921
74 -15.743528896211759
75 -15.533615177595602
76 -15.329225504206187
77 -15.13014465350221
78 -11.95427215532177
79 -11.802952254621493
80 -11.655415351438725
81 -11.511521334754297
82 -14.25251728598231
83 -16.76959949026738
84 -16.56996140109753
85 -19.387336322663863
86 -19.161902179377076
87 -16.490205305255614
88 -16.30281660860498
89 -16.119638893901556
90 -13.28433697407299
91 -15.694266350232324
92 -15.523676498599363
93 -18.160026956517118
94 -17.96683518038396
95 -17.777710599537812
96 -20.77413080290511
97 -20.559964505967944
98 -20.3501689497846
99 -18.101384902275225
100 -15.897576535716041
101 -15.740174787837665
102 -15.585859348741216
103 -15.434540325937904
104 -12.987501150778218
105 -10.806910777465065
106 -13.339222477987152
107 -13.214556847351757
108 -15.920292896198488
109 -15.77423516320584
110 -15.630833025358516
111 -15.490014709814744
112 -15.351711007048541
113 -17.522972582959177
114 -17.36926229714375
115 -19.359499680988062
116 -21.679640132072077
117 -19.451117277176852
118 -17.096072247219823
119 -16.95240777455411
120 -16.81113770976616
121 -14.179496703493921
122 -16.08168575870495
123 -14.340844854569447
124 -12.098202833644502
125 -12.001417210975346
126 -11.906167868031096
127 -10.226211961996007
128 -11.81253628939596
129 -11.720966240640951
130 -11.63080496186679
131 -11.542020191165518
132 -13.569974212693097
133 -15.637085624678367
134 -15.520390955837483
135 -17.36978513117849
136 -17.242066122861
137 -18.846030011714422
138 -20.25494085126135
139 -20.10922185233141
140 -19.965584553386186
141 -19.82398466293664
142 -19.68437913714131
143 -21.083015879164762
144 -18.848332908604704
145 -20.239695578165765
146 -21.912995455411334
147 -23.639728409549985
148 -21.58761320184102
149 -21.44272989176155
150 -22.792063617722224
151 -22.64112279906181
152 -20.807649427132223
153 -20.671651718458154
154 -18.84453534960485
155 -18.722957702188044
156 -18.602938742558635
157 -18.48444868687355
158 -20.036741832780194
159 -21.396719490029696
160 -19.51779029926197
161 -20.55841938284221
162 -22.040801171126834
163 -20.438970894674096
164 -21.659440096505097
165 -19.830756687851267
166 -18.49775073070502
167 -17.165444852846036
168 -18.348832014716614
169 -19.616518867911026
170 -20.69100670841533
171 -19.142452142835722
172 -20.20236946874031
173 -21.254838152468075
174 -21.13268391021251
175 -19.60480250821564
176 -21.07995676119627
177 -19.928388396827003
178 -19.816431158642583
179 -19.705724839320556
180 -18.130988780545866
181 -18.03081757181357
182 -17.931747145594816
183 -19.41023919401634
184 -20.709336786754037
185 -19.426286264797945
186 -20.52529971921227
187 -18.87278051212165
188 -18.772393381738027
189 -19.815790708009796
190 -19.711497072704482
191 -19.608295517350008
192 -19.50616897819714
193 -19.40510074514949
194 -19.305074452648718
195 -19.206074070840263
196 -19.108083897009447
197 -17.811732256235533
198 -16.79880611487998
199 -16.71439000374993
200 -16.630818053731183
201 -16.54807766540416
202 -16.466156488842753
203 -17.381492918718617
204 -17.29628952205823
205 -18.46092630358105
206 -19.419730001365135
207 -19.325914880585593
208 -19.233001828275086
209 -19.140977896082383
210 -20.383512869583782
211 -20.28690854318765
212 -20.191215578361295
213 -21.411319365934133
214 -21.311266471700797
215 -21.21214430206498
216 -22.320904139022783
217 -23.289876517205037
218 -23.183042221254556
219 -23.077183580974854
220 -23.69174526410766
221 -24.582714380536846
222 -24.47198143287677
223 -23.405848216275576
224 -24.58928546534012
225 -24.47999975216083
226 -24.37168116918667
227 -25.3297240128614
228 -26.347780376661056
229 -26.232724567155987
230 -24.986273358814866
231 -24.87810767327887
232 -23.454348372433707
233 -23.353685933067037
234 -22.328007746279905
235 -22.232994947359565
236 -23.53255419357974
237 -22.451877128608636
238 -23.4717793449879
239 -22.481204009363726
240 -23.383605383869167
241 -23.286577975637346
242 -23.190352446812398
243 -24.336142864929112
244 -24.236404574499076
245 -24.137480474194998
246 -25.09810475418324
247 -24.996492994044846
248 -25.769309593968543
249 -25.665818390779915
250 -26.368948046010498
251 -26.263892476106072
252 -25.06545345947949
253 -23.935928864442218
254 -23.84169292403103
255 -24.705497359645406
256 -23.434337870422247
257 -24.53161301537313
258 -23.69597974272429
259 -24.42794787448671
260 -24.333994228815605
261 -23.24286377831707
262 -22.085168411486176
263 -22.001194387107905
264 -21.91785652958098
265 -21.835147637016522
266 -20.992611549081712
267 -20.91398753578927
268 -20.030075313465048
269 -18.91444929991545
270 -19.97563300666687
271 -19.901922183764043
272 -19.017738940459914
273 -19.95812355867725
274 -19.88528369167478
275 -20.61184423551049
276 -20.537163640454292
277 -20.463022255470705
278 -20.38941426174599
279 -20.31633392389027
280 -21.03161815985837
281 -20.10603398886005
282 -20.034735995991753
283 -19.963941875864574
284 -20.644617171615717
285 -19.482047370988113
286 -18.578062821122177
287 -18.513330894916177
288 -17.370271495950316
289 -17.310166750289586
290 -17.250476520116173
291 -16.39192536298666
292 -15.657563476640949
293 -16.506996630836777
294 -15.424940778183679
295 -16.058345900134388
296 -16.004094731552854
297 -15.950208890705873
298 -15.896684699797465
299 -14.979156669839101
300 -15.798240377889472
301 -15.745754529457946
302 -16.363415778544653
303 -17.013291389404866
304 -16.389520279169172
305 -16.335784147106324
306 -17.22519593749726
307 -17.169087807407696
308 -17.958964318913846
309 -17.90084469328629
310 -17.00211851980811
311 -17.584239506721786
312 -18.113609392059743
313 -17.222817448043738
314 -16.406637985181593
315 -17.136288535829397
316 -17.08205977464006
317 -17.0281731507453
318 -17.748985692533015
319 -18.189524150770193
320 -18.132681887799034
321 -18.076193782229566
322 -18.020056534458668
323 -18.577399224599546
324 -17.842007766355426
325 -17.787109280920486
326 -17.732547596009688
327 -17.678319621709964
328 -16.755852726244086
329 -16.704923082699274
330 -16.65430210366079
331 -17.37754236840573
332 -16.484140279847864
333 -17.07510600233838
334 -17.023982930475093
335 -16.973165070981135
336 -16.922649698746074
337 -16.041356013196747
338 -15.99389638002161
339 -15.946716744682313
340 -15.899814636609717
341 -15.853187614214967
342 -15.806833264465801
343 -15.760749202470274
344 -16.202066165868633
345 -15.568786403783093
346 -16.19600930494144
347 -16.149334926541034
348 -15.482312446731713
349 -14.86073495491178
350 -14.81827571218346
351 -13.980525778437052
352 -13.9408083756574
353 -13.90131600065554
354 -13.3026067875182
355 -14.077798858558245
356 -14.03825447974207
357 -13.99893163806212
358 -14.609515377074716
359 -14.568820348169217
360 -15.128280536221808
361 -14.429905468543133
362 -14.390043851226716
363 -13.755430815694128
364 -12.8139901347298
365 -12.778883312442868
366 -11.922352669836513
367 -12.447469183944456
368 -12.413644539422869
369 -12.3800032263079
370 -11.648045930405035
371 -12.243571171036212
372 -12.21065834530762
373 -12.838100444755158
374 -12.803773972977737
375 -12.200895306731958
376 -12.168446117086393
377 -12.136169071682982
378 -12.104062804297577
379 -12.867950300985907
380 -12.83408727387805
381 -12.065301421895754
382 -11.400608468740657
383 -11.370841866994597
384 -11.341230299632633
385 -11.951374016878365
386 -12.532518616149279
387 -11.92346730127126
388 -11.293283338627335
389 -11.264251761921352
390 -11.235369065095913
391 -11.872749331812553
392 -11.842461705966093
393 -12.31625123203224
394 -12.284991711138757
395 -12.923615726189087
396 -12.238343473704385
397 -12.207516412057775
398 -12.88054607517164
399 -12.082765132319585
400 -11.406447728844403
401 -12.074341752046303
402 -12.044306076046187
403 -12.709390483627653
404 -12.67793159629194
405 -11.892469913034926
406 -11.120278055985148
407 -11.092955505479042
408 -11.065766889044044
409 -10.517254681811199
410 -10.491602841123854
411 -11.065215879075474
412 -10.416885671276175
413 -10.391663187810614
414 -10.366562552091265
415 -10.341582883291045
416 -10.316723309052366
417 -9.559527209695409
418 -9.536657527375564
419 -9.513897008217148
420 -9.491244872483298
421 -9.468700347845571
422 -10.109943527901333
423 -9.617859156795273
424 -9.036248359501462
425 -9.572598643116235
426 -9.550127754282629
427 -9.527762115513818
428 -9.505500989075701
429 -9.483343644112821
430 -9.461289356568372
431 -8.827395957272103
432 -9.279178214018568
433 -9.257748241237925
434 -8.669028633679222
435 -8.151042338486572
436 -7.678123100439673
437 -7.660553024694959
438 -7.103626672274533
439 -7.587876801145195
440 -8.31819748354105
441 -8.299335357728031
442 -8.821412729974504
443 -8.801499834421515
444 -9.336286009207141
445 -9.315305591208924
446 -8.720323225008375
447 -8.700814671932294
448 -8.681393210611017
449 -8.662058259139721
450 -8.1161756432399
451 -7.574292350604222
452 -8.22483025259221
453 -8.206673894418717
454 -7.581234657396225
455 -7.039171429818059
456 -6.513673443777729
457 -6.4994203290211034
458 -6.485229454940272
459 -6.47110041473343
460 -6.457032805136183
461 -5.999121425195646
462 -5.548302002730627
463 -5.536318629074621
464 -5.960334002187915
465 -5.947516079602566
466 -6.344756970693604
467 -6.331170767330234
468 -5.66500576542825
469 -5.088872538516848
470 -5.078045150137025
471 -5.570416856603359
472 -5.558615125974962
473 -5.546863296955987
474 -5.0444692600329315
475 -4.519929695262972
476 -4.510434044642671
477 -4.500978208071094
478 -4.991682299457282
479 -4.590741265939249
480 -4.581177221635209
481 -4.571652944667152
482 -4.56216818752054
483 -4.552722704730642
484 -4.049395728293866
485 -4.53970090552079
486 -4.53035995715552
487 -4.5210573699745025
488 -4.93876519311794
489 -4.492518790127535
490 -4.483350384433398
491 -4.928741402472522
492 -4.9187236353943256
493 -4.908746508344844
494 -4.898809774522284
495 -4.888913189119209
496 -4.297411767353375
497 -4.2887650635961245
498 -3.717756855975698
499 -4.119118727750787
500 -4.110880490295285
501 -3.5888097209350507
502 -3.0069678848241566
503 -3.000989817458701
504 -3.423556282200058
505 -3.7871909682861586
506 -4.294431803035201
507 -3.8823321084583045
508 -3.8746897224180326
509 -3.3489108315289524
510 -3.342344339702425
511 -2.998008781068475
512 -3.5887041743140413
513 -3.1828000465913013
514 -3.719860651622848
515 -4.108748943312406
516 -3.5088597978354468
517 -2.990387191541724
518 -2.402341223895553
519 -2.397712435410205
520 -2.9233759494070943
521 -2.445122710657293
522 -2.906280573557876
523 -3.3656749264664865
524 -3.359251882713688
525 -3.3528533076989953
526 -2.8959370107342064
527 -2.890441874091447
528 -2.884967552360213
529 -2.8795139274975283
530 -2.8740808823513064
531 -2.8686683006519633
532 -3.3004713869375277
533 -2.8322780795713416
534 -2.826974188036564
535 -3.117542000526573
536 -3.111725690824098
537 -2.6854463595453755
538 -2.6804548235610905
539 -3.049226210156386
540 -3.6021302802286423
541 -3.0688715882298876
542 -3.0632094635283567
543 -3.057568193798102
544 -2.6073752252739295
545 -3.0804828915602194
546 -2.546460410061512
547 -2.5418050893849826
548 -2.169560495794088
549 -2.545139575153246
550 -2.5405120486529675
551 -2.5359013189820914
552 -2.9176763634571055
553 -2.9124002760005827
554 -2.907143235791195
555 -3.407776209474359
556 -3.4016471155724264
557 -3.395540029188993
558 -3.7246861451862894
559 -3.3833914065443094
560 -3.37734963617548
561 -3.3713294050949534
562 -2.8519928901272866
563 -2.8469271833952665
564 -2.841879440162296
565 -2.4986871379177136
566 -2.9293370925136886
567 -2.924170713161813
568 -2.919022525286528
569 -2.913892432974952
570 -2.908780340987277
571 -2.9036861547508717
572 -2.512952577566066
573 -2.508566970973455
574 -2.894166660546432
575 -3.3425320560671348
576 -3.336729049025352
577 -3.8148836798464623
578 -3.382251421854964
579 -3.3764098822662683
580 -3.370588485917533
581 -3.6618837314189587
582 -4.099654027855958
583 -4.09262203123871
584 -4.085614116801657
585 -4.078630161046441
586 -4.409625238331279
587 -4.809366138931514
588 -4.801186944817685
589 -5.240822902025335
590 -5.231940151343936
591 -5.622872891080158
592 -5.2730906189695075
593 -5.264198391956068
594 -5.255336105100923
595 -5.246503607445291
596 -5.237700749043538
597 -5.228927380954688
598 -5.681291615624985
599 -5.671806988553825
600 -5.662353976906235
601 -5.652932422868122
602 -5.643542169673989
603 -5.634183061598244
604 -5.624854943946591
605 -5.615557663047506
606 -5.9626846108759795
607 -6.41426721008603
608 -6.793495584569079
609 -6.782340419405583
610 -6.409589172824658
611 -6.399098846846222
612 -6.3886428029788265
613 -6.37822087344705
614 -6.367832891568471
615 -6.357478691744783
616 -6.34715810945299
617 -6.336870981236697
618 -6.713441633193707
619 -6.215330380071949
620 -5.849505782692868
621 -5.84008628867887
622 -5.830697082426974
623 -5.82133801808921
624 -5.424432978503567
625 -5.415753885737962
626 -5.013737407583045
627 -4.707401187226964
628 -4.699905325463863
629 -4.692433297919405
630 -4.684984991097311
631 -4.967176209387432
632 -4.9593167533599205
633 -4.951482129736919
634 -4.5957291295402385
635 -4.961696672479199
636 -4.635845810173976
637 -4.253281634819434
638 -4.567367577942681
639 -4.108739785165409
640 -4.102319879251088
641 -4.095920004244456
642 -3.640169674009288
643 -3.2002441363626075
644 -3.195274813169498
645 -3.1903208987304756
646 -3.1853823214878587
647 -3.469576588001294
648 -3.8897512224546755
649 -3.5627061896558674
650 -3.557225103210243
651 -3.981981012930928
652 -4.295448028346636
653 -4.288870006863716
654 -4.282312101654444
655 -4.275774220583216
656 -3.8423152319369356
657 -3.8364669591333787
658 -3.8306364622349998
659 -3.8248236603196206
660 -4.14626254575414
661 -3.722829864574796
662 -3.7172062545074627
663 -4.019287890430898
664 -4.0132347460175986
665 -3.6151633116853157
666 -3.2466008942753497
667 -3.5475765014379737
668 -3.262237206142886
669 -3.257360917344466
670 -3.2524991846320117
671 -3.2476519429261517
672 -3.2428191275348928
673 -3.2380006741507397
674 -3.2331965188478455
675 -3.228406598079182
676 -3.2236308486737393
677 -3.2188692078337486
678 -3.214121613131929
679 -2.8209538850711695
680 -2.816805423475477
681 -2.8126691453205934
682 -2.808544997013672
683 -2.3572381227533317
684 -2.3537918681879026
685 -2.3503556756795994
686 -2.346929501225256
687 -2.343513301077912
688 -2.0207909950494627
689 -2.017858061820073
690 -1.6611483776642497
691 -1.3221482928853259
692 -1.7187098411814345
693 -2.1514641185378465
694 -2.1483640261480224
695 -2.1452728548873776
696 -2.1421905663027694
697 -2.4820978020622624
698 -2.4785417880191933
699 -2.1557250755304063
700 -2.1526454682796485
701 -2.149574647354856
702 -2.146512575207627
703 -2.4907022073989356
704 -2.487164278127062
705 -2.874760839028715
706 -2.870688939823292
707 -3.152738109291213
708 -3.1482850893628354
709 -3.143844630844693
710 -3.139416680660405
711 -2.821118850952524
712 -3.1490009724195165
713 -3.144584421266053
714 -3.140180241404336
715 -3.135788380926847
716 -2.7874890096696316
717 -2.7836012983590743
718 -3.142822284134272
719 -3.1384511822091894
720 -3.1340922222338987
721 -3.418736303845186
722 -3.4140012120116054
723 -3.409279218633996
724 -3.4045702694369875
725 -3.3998743104446607
726 -3.7025884508457607
727 -3.6974954818624792
728 -3.406204313530289
729 -3.1001746323779913
730 -3.09592781781309
731 -3.0916926224398846
732 -3.087468998638737
733 -2.7275894105301566
734 -3.0790562765716016
735 -3.352414473299729
736 -3.728393967672116
737 -3.429366282810793
738 -3.4247194450292064
739 -3.833392422942291
740 -3.8282121629112877
741 -3.823045884688735
742 -4.084796153644629
743 -4.079298446842954
744 -4.424224482646863
745 -4.152458080052757
746 -4.476981006807699
747 -4.470987725674087
748 -4.813545588453869
749 -4.53816270756351
750 -4.233654772238942
751 -3.860849985972588
752 -4.123599164446594
753 -3.830400480595905
754 -3.825320373857714
755 -3.820253724355916
756 -4.219213772502004
757 -4.213640174387734
758 -4.556032160622214
759 -4.55002948320374
760 -4.868051235777471
761 -4.861654322195634
762 -4.509149833924874
763 -4.503240070053413
764 -4.066810466486168
765 -4.0614943743731144
766 -3.7639692005346865
767 -3.3950045066189882
768 -3.7239782373841144
769 -3.9766671414316797
770 -3.9715026386505996
771 -3.7039916731612434
772 -3.9601370624426733
773 -3.955013987329552
774 -3.9499041501366197
775 -3.9448074996203144
776 -3.939723984801216
777 -3.934653554962347
778 -3.9295961596474855
779 -3.9245517486594914
780 -4.217709900526046
781 -4.212309503726397
782 -3.8735415004160685
783 -3.868594448691399
784 -3.8636600169966395
785 -4.118607368403962
786 -4.531852113552713
787 -4.8298517092034325
788 -4.823722455765357
789 -5.14803240079601
790 -5.372842035392678
791 -5.620724955952769
792 -5.999277134193737
793 -5.991711841464615
794 -5.6324880846960115
795 -5.625403194023439
796 -5.362058050724734
797 -5.7075993124301565
798 -5.433184117966974
799 -5.725580050098015
800 -5.718423075035393
801 -5.409352126523049
802 -5.021766836935367
803 -5.015513079977788
804 -5.241935417882892
805 -4.961391498115386
806 -5.2198460072606405
807 -5.21337779659489
808 -4.975416842941084
809 -4.7056379273513045
810 -4.699828497811365
811 -4.694033394854754
812 -4.688252565550746
813 -4.682485957229035
814 -4.67673351747814
815 -4.905426815405193
816 -4.899415262935333
817 -4.893418426628191
818 -4.887436252512509
819 -4.881468686880625
820 -4.875515676286868
821 -4.869577167545959
822 -4.492078837509044
823 -4.4866206615217905
824 -4.481175733534507
825 -4.475744005372647
826 -4.731795753607187
827 -4.726074114243696
828 -4.720366295265141
829 -5.078505086283126
830 -5.072386405456279
831 -5.066282450696404
832 -5.310628836048898
833 -5.583470710440883
834 -5.917345420007937
835 -5.910258778786371
836 -5.903189091251937
837 -5.896136296638733
838 -5.889100334470906
839 -5.882081144560929
840 -5.87507866700788
841 -5.583838937450595
842 -5.577207299757661
843 -5.570591395487486
844 -5.22217150993983
845 -4.977591150521647
846 -4.9717074730387605
847 -4.778965487981819
848 -5.047608111468364
849 -5.274927472291089
850 -4.939223648992657
851 -5.153230522208506
852 -5.147182129576807
853 -5.14114791840497
854 -4.885390454953454
855 -4.552105410758916
856 -4.54678753060616
857 -4.259279719388006
858 -4.555532535866286
859 -4.836895782552402
860 -4.831271485130829
861 -4.8256602522793415
862 -4.820062038529597
863 -4.814476798624002
864 -5.025408043944669
865 -5.0195983236626525
866 -5.287456892452626
867 -5.281358326256026
868 -5.558968007261766
869 -5.55257103602211
870 -5.546188770463464
871 -5.539821159934803
872 -5.533468154017447
873 -5.774523159622356
874 -5.767916153718897
875 -5.761324249543218
876 -5.754747395377073
877 -5.7481855397381025
878 -5.741638631378492
879 -5.48940185472493
880 -5.737530703510314
881 -5.731018182847986
882 -5.988225543416834
883 -5.7571610236055335
884 -5.75064839801322
885 -5.51652536909069
886 -5.510299042489008
887 -5.504086754955198
888 -5.497888459059978
889 -5.49170410758747
890 -5.275354920100652
891 -5.008392781913589
892 -4.752587027402875
893 -4.7472649814595345
894 -4.741954841659244
895 -4.736656568093145
896 -4.731370121030541
897 -4.726095460917909
898 -4.720832548377912
899 -4.9783991298985715
900 -4.972867575309795
901 -4.967348299421549
902 -4.961841261395583
903 -4.646187702599601
904 -4.6410481144330085
905 -4.635919884472309
906 -4.630802975107549
907 -4.338261550565037
908 -4.333483729474106
909 -4.328716420640801
910 -4.63248535164004
911 -4.627400296369304
912 -4.846712481732333
913 -5.083020485580335
914 -5.077459194020619
915 -5.07191005828945
916 -5.0663730385751595
917 -5.060848095239745
918 -5.055335188817915
919 -5.049834280016155
920 -5.266780235524237
921 -5.004521853796794
922 -4.999093955907643
923 -4.993677819444038
924 -4.988273406219531
925 -4.9828806782128074
926 -4.77116939094905
927 -4.766022498402179
928 -4.760886698296142
929 -4.755761954810355
930 -4.534037229914403
931 -4.2793412605970165
932 -4.27474969272084
933 -4.270167967433893
934 -4.2655960531218655
935 -4.261033918305692
936 -4.256481531640835
937 -4.251938861916566
938 -4.247405878055248
939 -4.007956116742134
940 -4.003692333639217
941 -3.999437612774563
942 -3.718435800993538
943 -3.7144926029012866
944 -3.404947809882605
945 -3.724555325557648
946 -3.7206181634798914
947 -3.4381816440463084
948 -3.7350726149820166
949 -3.976224182515831
950 -3.7751343962650985
951 -4.048500990738136
952 -4.044248363647024
953 -3.766442993816386
954 -3.7624949403637484
955 -3.758555155085881
956 -3.7546236120366276
957 -3.7507002853782825
958 -3.9941600125290146
959 -3.740717161743615
960 -3.494541508237036
961 -3.4909051487071325
962 -3.6975460495438646
963 -3.693706437862095
964 -3.6898747921796655
965 -3.686051087731811
966 -3.518383587775369
967 -3.1745910741837484
968 -3.171311537950088
969 -3.1680387706250617
970 -3.164772751273902
971 -3.1615134590480793
972 -3.158260873184861
973 -3.1550149730068706
974 -3.1517757379216476
975 -2.9270308519882895
976 -2.9240318449678098
977 -2.921038977163339
978 -2.9180522297429268
979 -2.915071583951565
980 -2.912097021110798
981 -2.9091285226183308
982 -2.90616606994764
983 -2.9032096446475912
984 -2.6638894008983844
985 -2.661184944653818
986 -2.4160341141920294
987 -2.7230432489525223
988 -2.720287132303785
989 -2.71753658919731
990 -2.488687775687149
991 -2.2449478950954673
992 -2.242684842781863
993 -2.2404263484789606
994 -2.5190898541976
995 -2.5165581056004163
996 -2.514031440835757
997 -2.772998579897056
998 -2.770220024205776
999 -2.7674470311885533
1000 -2.764679584157365
