1 0.0
2 6188.937757023646
3 4125.95850468243
4 3094.468878511823
5 -7.275957614183426e-13
6 2062.9792523412143
7 3536.535861156369
8 4641.703317767733
9 4125.9585046824295
10 4951.150205618915
11 4501.04564147174
12 4125.958504682429
13 4760.721351556648
14 5304.803791734551
15 5776.341906555401
16 5415.320537395688
17 5096.772270490059
18 4813.618255462834
19 5211.737058546227
20 4951.150205618915
21 5304.803791734552
22 5626.307051839677
23 5919.853506718268
24 5157.448130853037
25 4456.035185057024
26 4760.721351556649
27 4125.9585046824295
28 4420.66982644546
29 4268.232935878375
30 4538.554355150673
31 3992.863069047513
32 4254.894707953756
33 4501.045641471741
34 4004.6067839564757
35 3536.5358611563684
36 3438.2987539020246
37 3345.371760553321
38 3583.069227750531
39 3491.19565780821
40 3713.3626542141865
41 3622.792833379694
42 3536.535861156368
43 3454.2908411294757
44 3094.4688785118215
45 3025.702903433781
46 2690.842503053758
47 2633.590534903678
48 2320.851658883866
49 2273.4873393148073
50 2228.017592528511
51 2184.330973067168
52 2142.3246082004916
53 2101.903389177841
54 2062.9792523412143
55 2250.52282073587
56 2210.3349132227295
57 2171.557107727594
58 2347.528114733106
59 2307.7395026189856
60 2062.9792523412143
61 1826.2439283020585
62 1996.4315345237558
63 1964.7421450868708
64 1934.0430490698884
65 1904.2885406226594
66 1875.4356839465584
67 1662.6996959167996
68 1820.2758108893067
69 1793.8950020358386
70 1945.094723636002
71 2092.0352981488372
72 2062.9792523412148
73 1865.159324034523
74 1839.9544683043268
75 1980.460082247566
76 1791.5346138752654
77 1768.2679305781842
78 1745.597828904105
79 1723.5016538546859
80 1701.9578831815022
81 1528.132779512011
82 1358.5473125173853
83 1193.048242317811
84 1326.200947933638
85 1164.9765189691566
86 1007.5014953294303
87 995.9210183716208
88 1125.2614103679352
89 973.5407707677641
90 1100.2556012486477
91 1088.1648803558053
92 1076.3370012215032
93 1197.8589207142536
94 1185.115740706655
95 1042.3474117092453
96 1031.4896261706074
97 1148.4626765610885
98 1010.4388174732478
99 1000.2323647714978
100 990.2300411237828
101 980.4257832908742
102 970.8137658076303
103 1081.5619381206368
104 1190.1803378891623
105 1296.7298157573348
106 1284.4965156086807
107 1272.4918752758892
108 1260.7095430974089
109 1249.143400500185
110 1237.7875514047287
111 1115.12392018444
112 1105.1674566113647
113 985.8484922692528
114 868.6228430910375
115 861.0696009772024
116 960.3524105726342
117 846.3504624989596
118 944.075251071403
119 936.1418456002149
120 928.3406635535464
121 920.6684266646741
122 913.1219641510293
123 1006.3313426054702
124 898.39419053569
125 990.2300411237827
126 982.3710725434353
127 1072.0994539725993
128 1160.425829441933
129 1055.477757011784
130 1142.5731243735954
131 1228.3387914703412
132 1219.0331945652629
133 1116.8007982599054
134 1200.8386692732438
135 1100.2556012486475
136 1092.1654865335838
137 1174.542931989888
138 1166.0317513232949
139 1157.6430336878755
140 1237.7875514047282
141 1229.0089162883826
142 1133.1857864972865
143 1125.2614103679348
144 1117.4470950181576
145 1109.740563328377
146 1186.9195698401504
147 1094.642052262685
148 1170.8801161936622
149 1163.0218603802819
150 1155.26838131108
151 1229.5902828523792
152 1221.5008730967716
153 1294.4183544101736
154 1286.0130404204972
155 1277.7161820952037
156 1269.5256937484396
157 1261.4395428328444
158 1175.114763991831
159 1089.8758314255472
160 1083.0641074791374
161 1076.337001221503
162 993.2863066828069
163 911.2546390709656
164 905.6982083449232
165 975.2265556522102
166 969.3516968832209
167 963.5471957042795
168 1031.489626170607
169 1025.386137258355
170 1019.3544540980115
171 1085.7785538637968
172 1079.4658878529606
173 1073.2262006399378
174 995.9210183716204
175 990.2300411237826
176 984.603734071943
177 979.0410011110845
178 1043.0793972511756
179 1037.252138048655
180 1100.2556012486477
181 1162.5628935845516
182 1088.1648803558053
183 1014.5799601678103
184 1009.0659386451592
185 1003.6115281659962
186 998.2157672618779
187 992.877715030531
188 987.5964505888792
189 982.3710725434354
190 912.0539852455896
191 907.278833490377
192 902.5534228992814
193 833.7429102726152
194 893.2487484364021
195 825.1917009364859
196 757.829113104936
197 753.9822648150632
198 812.6887963768422
199 808.6049330784662
200 804.5619084130739
201 738.977642629689
202 735.3193374681559
203 731.6970747220073
204 788.7861847186999
205 724.558566675939
206 721.0412920804247
207 717.5580008143357
208 773.6172196279557
209 769.9157018306928
210 825.1917009364862
211 821.2808397946071
212 817.4068735691609
213 755.4571909981917
214 694.0864774232128
215 633.2866542070709
216 687.6597507804051
217 684.4908118367167
218 681.350945727374
219 734.75973371057
220 731.4199167391583
221 728.1103243557232
222 780.5867441291085
223 721.5801869175552
224 773.6172196279559
225 715.1661408116215
226 657.2323281795025
227 654.3370315795927
228 651.4671323182787
229 648.6222976793342
230 645.8022007329024
231 643.0065202102492
232 693.5878520802363
233 690.6110801828962
234 687.6597507804053
235 632.0617283768831
236 629.3835007142693
237 626.727874128977
238 624.0945637334771
239 569.6930152908798
240 567.3192943938344
241 564.9652724253953
242 511.4824592581528
243 560.3153524877378
244 558.0189780922962
245 505.21940873662436
246 553.4822384330092
247 551.2414196539282
248 549.0186719940333
249 546.813777728997
250 495.1150205618919
251 443.82820568297086
252 442.06698264454633
253 440.31968231788807
254 487.31793362390937
255 485.4068829038156
256 531.8618384942198
257 577.9552769204963
258 575.7151401882463
259 573.492301809141
260 571.2865621867983
261 616.5225351824323
262 566.9255960632348
263 564.7699854318156
264 609.5165972826318
265 607.2165346513766
266 604.9337657241158
267 602.6680961895685
268 600.4193346366224
269 552.1728853850094
270 550.1278006243241
271 502.4229913450931
272 546.0827432667924
273 589.4226435260615
274 587.2714659949445
275 540.1254769766092
276 493.32112555985583
277 491.540182868304
278 489.77205271410145
279 443.6514521163904
280 442.06698264454616
281 396.4444114819417
282 438.93175581727985
283 437.3807602136852
284 435.8406871143413
285 390.8802793909671
286 389.5135651273623
287 388.15637500496734
288 343.8298753902025
289 342.6401526379873
290 341.4586348702701
291 382.82089218702964
292 339.1198770971861
293 337.9624713733049
294 336.81293915774944
295 293.7123003333256
296 292.72002904841565
297 291.7344397250203
298 290.7554650950706
299 289.7830387904048
300 288.8170953277701
301 287.85757009412305
302 327.89074209396796
303 326.8085944302915
304 325.73356615913923
305 324.66558725369947
306 364.0551621778615
307 403.1881274933971
308 401.8790751314055
309 400.57849560023595
310 399.2863069047513
311 358.202185293973
312 357.05410136674874
313 355.91335343905945
314 354.7798714217376
315 353.65358611563687
316 352.5344291975494
317 312.37540729456884
318 311.39309469301355
319 310.4169407911546
320 309.4468878511822
321 347.04323871160625
322 345.9654646783404
323 344.8943641685003
324 343.8298753902025
325 380.857708124532
326 379.6894329462359
327 340.67547286368693
328 377.3742534770516
329 376.22721927195414
330 412.59585046824304
331 373.95394302257677
332 410.1103332967476
333 446.04956807377636
334 444.71409032505244
335 443.3865855778135
336 405.2280674241673
337 440.75521118269285
338 439.4512016821523
339 438.15488545300144
340 436.8661946134338
341 471.8838172510698
342 470.5040400076456
343 469.1323081125796
344 431.78635514118463
345 430.5348004886015
346 393.51627356797746
347 392.3822209063983
348 426.82329358783767
349 390.1336121906024
350 424.3843033387644
351 423.1752312494802
352 457.1374479619739
353 455.84244102723744
354 489.52050055554275
355 488.1415695680623
356 486.7703853838824
357 485.4068829038155
358 484.05099775603946
359 448.2239044083979
360 412.59585046824316
361 445.74066948092747
362 444.5093416646818
363 443.2847980237323
364 476.0721351556652
365 474.76782793606066
366 473.47064807831185
367 505.9077185577914
368 504.53296932258
369 503.16567130273563
370 468.3520464774653
371 467.08964203952064
372 465.83402472221013
373 497.7697927901057
374 496.4388575152659
375 462.10735252443243
376 493.7982252944401
377 492.48841567827446
378 523.9312386898328
379 522.5488343661128
380 521.1737058546231
381 552.2936581070973
382 518.4450477087873
383 517.0914052865712
384 547.9788639031356
385 514.4052161681994
386 545.1395951782489
387 543.7309657333439
388 542.3295972649589
389 509.1157023772667
390 539.5484198430872
391 538.168500610752
392 505.21940873662436
393 472.43799671936245
394 471.2389155094148
395 470.0459055967328
396 468.85892098664
397 467.67791614788274
398 466.50284600680766
399 434.3114215455191
400 402.28095420653705
401 401.2777598070195
402 369.48882131484464
403 337.85764430402054
404 337.0213630062383
405 366.7518670828828
406 365.8485373610038
407 395.36211715630185
408 424.73102254083864
409 393.42880606996306
410 422.65916389429793
411 421.6307960989347
412 450.65080755026565
413 449.5596433673352
414 478.37200054289065
415 477.2192969271246
416 446.31762670843614
417 474.9304753591288
418 473.79427804965724
419 472.6635041163645
420 501.0092469971524
421 499.8192012798195
422 527.966254153676
423 555.9802240352212
424 583.8620525494007
425 582.4882594845785
426 581.1209161524552
427 550.7719783768117
428 549.4851279600435
429 548.2042768459175
430 575.7151401882462
431 574.3793742017306
432 573.0497923170044
433 543.1400341036918
434 541.888559370734
435 540.6428385445945
436 567.7924547728117
437 566.4931585376336
438 593.4597849200758
439 563.9123241023824
440 534.4991699247695
441 561.3548985962491
442 532.0806216445668
443 502.9385084714475
444 473.9276660783873
445 472.8626600871999
446 444.04934579541856
447 443.0559468115362
448 442.06698264454616
449 413.51477218420797
450 412.59585046824304
451 411.68100379314717
452 410.7702051121889
453 437.18765612529063
454 463.48873070221134
455 435.26595214232225
456 461.4558853921139
457 433.3610683255069
458 459.44079418952833
459 431.4727848033914
460 403.6263754580638
461 402.7508301750745
462 401.8790751314055
463 401.01108576827073
464 400.14683773859775
465 372.6672197777679
466 398.4294693362862
467 371.0712145538802
468 370.278327343295
469 369.48882131484453
470 395.0385802355518
471 394.19985713526404
472 393.36468794641814
473 418.7019201369062
474 391.70492133061043
475 416.93896468369815
476 416.06304248898454
477 415.19079292401807
478 414.3221929388214
479 439.2982959056449
480 412.595850468243
481 411.7380628373319
482 385.2035948354966
483 384.40607186482265
484 383.61184444361436
485 357.299499374561
486 331.0954355609358
487 355.8321503011542
488 329.73848705453844
489 354.3768040831535
490 353.65358611563687
491 327.7237916142867
492 327.057686346778
493 326.3942833318758
494 350.78999432522687
495 350.0813276700244
496 349.3755185416574
497 373.5777318122925
498 397.68274743927043
499 421.6911497771622
500 396.0920164495133
501 370.595075270877
502 345.19971553119933
503 319.9053313769678
504 319.27059857661664
505 318.63837956953427
506 318.0086594518079
507 292.9674677881016
508 292.39076017434553
509 291.81631860229373
510 291.24412974228926
511 314.89702873310137
512 338.4575335872306
513 313.6693600050971
514 313.0591083319354
515 288.4165168321699
516 287.8575700941231
517 287.30078562585595
518 286.74615090457047
519 286.1936535039837
520 261.83967433561577
521 237.57918453065818
522 213.41164679391883
523 189.33652793953794
524 212.59709852371304
525 188.6152459283397
526 164.72457908427955
527 164.41200872548586
528 140.65767629599196
529 140.39178276802224
530 163.4813747138322
531 163.17350018518093
532 139.6000997824883
533 162.56121688242226
534 162.2567951279608
535 161.95351139874967
536 161.65135932524453
537 138.30028507315413
538 115.03601778854363
539 91.85807431574986
540 91.68796677072069
541 91.51848808907425
542 91.34963479001692
543 91.18140341839627
544 91.0137905444654
545 113.5584909545623
546 136.02061004447572
547 135.77194348132312
548 158.11154853710045
549 157.82354935943724
550 157.53659745151097
551 134.78630323826454
552 134.54212515268796
553 156.6819685322442
554 134.0564135095375
555 111.51239201844409
556 111.31183016229582
557 133.3343861477267
558 133.09543563491715
559 110.71445003620124
560 110.5167456611366
561 132.38369533740425
562 154.1728266874219
563 153.89898507696464
564 131.67952674518406
565 131.44646563590055
566 109.34519005342142
567 87.32187311497222
568 87.16813742286838
569 108.76867762783223
570 108.5778553863799
571 108.38770152405698
572 86.5585700283029
573 108.00938493933079
574 107.82121527915773
575 107.6337001221505
576 107.44683605943844
577 128.71274364693906
578 107.07504769937117
579 106.89011670161752
580 128.04698807635143
581 149.13103028972654
582 170.1426187497911
583 169.85077892346212
584 190.75493086716727
585 211.58761562474015
586 211.2265446083157
587 210.8667038168194
588 210.50808697359352
589 231.16575662906672
590 230.77395026189882
591 230.38346980460287
592 229.99430853804105
593 208.73314526218044
594 208.38174266072897
595 228.83467336894168
596 228.4507225746985
597 228.0680580477727
598 227.68667333531823
599 227.3065620275798
600 226.92771775753383
601 226.55013420053294
602 226.173805073954
603 246.32588087656313
604 266.4112279513491
605 286.43017718456554
606 285.95752012650524
607 285.48642042283717
608 285.016870389247
609 264.22394364961394
610 263.79078964363094
611 243.10066476033978
612 262.9287282395668
613 242.30751414121957
614 241.91287649603845
615 241.51952222531318
616 241.12744507884352
617 220.67525227637
618 220.31817258012993
619 219.9622466147339
620 239.571784142851
621 239.1860002714454
622 238.80145686264888
623 258.2863269383867
624 277.70874550747146
625 277.2644115146595
626 276.82149711926866
627 256.63856727689773
628 275.939899994685
629 275.5012038102737
630 294.7113217630309
631 274.6279828790209
632 274.1934449314275
633 273.7602799315358
634 253.8050184268374
635 253.40532548443292
636 253.00688943807376
637 233.1781886476729
638 232.8127055933662
639 251.81906366606407
640 232.08516588838694
641 231.72309854690738
642 250.6423390694937
643 250.25253760904346
644 230.64364311889383
645 249.47656074824016
646 249.0903741216949
647 248.70538127142953
648 229.21991692680191
649 209.7945002380899
650 190.42885406226625
651 209.1499702834414
652 208.82918812043
653 208.509388444901
654 208.19056675003114
655 207.87271855651963
656 207.5558394123786
657 207.23992489272504
658 225.73633156317268
659 225.39378781269747
660 206.29792523412175
661 224.7118096347468
662 224.37236581354628
663 224.0339459556073
664 205.05516664837398
665 204.74681301431627
666 204.43938536714765
667 204.13287954200948
668 222.35704516252636
669 240.5267289725185
670 221.69329278890686
671 202.9159920335623
672 202.61403371208377
673 202.3129727407434
674 183.64800465945547
675 165.03834018729734
676 164.79420063080724
677 182.83420257086112
678 182.56453560541738
679 182.2956629462047
680 200.23033919782392
681 199.93631520487557
682 199.64315345237577
683 199.35085015303113
684 180.96309231063302
685 180.69891261382915
686 180.435503120223
687 198.19014651312995
688 179.910981308827
689 161.68487609060332
690 143.51160016286724
691 125.39092416545745
692 143.0968267519919
693 142.89033782449985
694 142.68444396596308
695 124.66924978177138
696 142.274431195946
697 159.82909559028076
698 141.86676806931
699 141.6638113195685
700 159.1441137520367
701 176.57454370966187
702 158.6907117185551
703 176.07219792385914
704 158.23988583299104
705 140.45816186152962
706 157.79161420173608
707 140.0608261844107
708 122.3801251388857
709 122.20751565349941
710 122.03539239201561
711 121.86375330285665
712 139.07725296682355
713 156.2424679192506
714 156.0236409333693
715 173.11714005660556
716 172.8753563414427
717 172.63424705784237
718 189.6331903266299
719 189.3694445820866
720 206.29792523412164
721 223.179447548703
722 205.72646283735116
723 205.44191724559826
724 205.15815769139164
725 221.94811266567567
726 238.6918143204713
727 238.3634899541433
728 238.03606757783265
729 254.6887965853353
730 237.38391396803036
731 220.12637713080008
732 219.8256580363591
733 219.52575945786475
734 236.09026866030263
735 252.60970436831215
736 269.084250305376
737 285.51408919783444
738 268.3550246947923
739 267.99189204973845
740 250.90288204149925
741 267.2685671049349
742 266.9083668797261
743 249.8898152230275
744 249.55394181546967
745 249.21897008148918
746 232.29256996871604
747 231.98160267290785
748 248.21942875763295
749 264.41389616122393
750 247.55751028094593
751 247.2278731167902
752 246.89911264722
753 246.5712253794282
754 262.66048836174633
755 262.31259367517447
756 245.59276813585905
757 228.9171165081402
758 228.6151150351743
759 228.313909350016
760 228.01349631139755
761 211.44859616637956
762 211.1711045703607
763 194.67169877924974
764 194.41689289079522
765 194.1627531615262
766 177.7501705672588
767 161.38038479853057
768 161.17025408915748
769 177.0567368719379
770 160.75163005256226
771 144.48881923012405
772 144.30165754718348
773 144.1149801118055
774 159.92087227451285
775 175.68597503809062
776 175.45957558572195
777 191.164100603047
778 190.91838839147496
779 190.67330701998398
780 190.42885406226605
781 190.18502710443985
782 189.94182374497126
783 205.50751172747738
784 189.45727827623404
785 204.98392571033733
786 220.4710651357024
787 220.19092401100644
788 235.6194577547073
789 235.32082726325646
790 235.02295279836628
791 234.72583149267933
792 218.80082979376522
793 234.13383696180247
794 233.83895807394126
795 249.11447575441085
796 248.8015178702973
797 248.48934532591798
798 232.66683297081372
799 232.37563543267754
800 232.08516588838668
801 231.7954216113725
802 246.94015988124272
803 246.6326378888626
804 230.93051332177785
805 230.64364311889364
806 230.35748475274116
807 230.0720355770872
808 245.10644582271868
809 260.10368818146355
810 259.78257251704196
811 259.4622487531492
812 243.89902490733587
813 243.59902610671182
814 258.5059996791204
815 258.18881440344046
816 242.70344145190774
817 257.5567732421102
818 272.3737888176666
819 287.15462120500433
820 286.8044326425592
821 301.53168121917884
822 301.1648543563818
823 285.7589729852959
824 285.4121781151681
825 285.066223959877
826 269.735786020401
827 284.3768255947987
828 284.0333753223412
829 283.69075363920206
830 268.4358545215075
831 268.11282701907487
832 252.913321801447
833 267.4690987429186
834 267.1483923895098
835 266.8284541950314
836 266.50928140293206
837 266.19087126983413
838 251.10248656181847
839 265.5563280725282
840 265.2401895867276
841 264.92480291658876
842 264.6101653834337
843 278.9794006724774
844 278.6488563588844
845 263.67072100929136
846 277.9901120176105
847 277.6619064544256
848 262.73792364723016
849 277.0078148020006
850 276.6819232551747
851 276.35679761092655
852 261.5044122686047
853 246.6868508075075
854 260.891989757437
855 246.10980554246072
856 245.82229408738775
857 245.53545360420526
858 230.82285340880728
859 244.9637761802141
860 244.67893458000455
861 230.01859259553615
862 229.75174968069214
863 243.82837049687595
864 257.8724065426519
865 257.57428815358526
866 242.98369946744108
867 242.70344145190768
868 256.6840544387687
869 256.388675780036
870 270.3214192722972
871 284.2221702421881
872 283.89622738640577
873 283.5710312496516
874 269.08425030537586
875 268.776725447884
876 268.46990270193896
877 268.1637796657908
878 253.760545846072
879 253.47185352997863
880 267.24958496238463
881 266.94623696583255
882 266.6435768332183
883 266.34160222751814
884 266.04031082228335
885 251.75340028570756
886 237.49874011151684
887 251.1857488758187
888 236.9638330391936
889 250.62065157801032
890 250.33905534028224
891 236.1659750154926
892 222.02467289770922
893 221.77604504452032
894 235.37347174362856
895 235.11048462436193
896 221.03349132227305
897 234.58626949699436
898 248.10886331052475
899 234.06438680623353
900 233.80431526533772
901 233.5448210197602
902 233.28590214945004
903 246.73506008067687
904 246.46212306731329
905 246.18978922966986
906 232.2559423165606
907 231.9998718178654
908 231.7443653511056
909 217.87239628686098
910 204.03091506671356
911 203.80695138387415
912 190.01124692616452
913 189.80312945965176
914 189.59546739240923
915 202.9159920335621
916 202.69446802479183
917 215.97165564313698
918 202.25286787658965
919 188.56393601377803
920 201.81318772903185
921 215.03366799647839
922 214.8004427600397
923 227.9782055675015
924 227.7314759077964
925 214.10379267541254
926 227.2396152686867
927 240.34709736014148
928 253.42633056777848
929 253.15353580936323
930 252.8813277063424
931 239.31445676997973
932 239.0576816017716
933 238.8014568626486
934 225.2932374077129
935 211.8139125398466
936 224.8118416012862
937 224.57191434237342
938 211.13646932276822
939 224.09359290607443
940 223.85519546681263
941 223.61730471711357
942 223.37991904331622
943 236.26909782911048
944 222.90665650297024
945 222.67077644317874
946 222.4353950727314
947 222.20051081183095
948 221.9661220873459
949 221.73222733277547
950 221.49882498821464
951 221.26591350031956
952 234.03546140005378
953 220.80155691375015
954 220.57010874088456
955 220.33914527623443
956 220.10866499874882
957 219.87866639373448
958 206.72860983795053
959 206.51304298723315
960 219.19154556125406
961 231.84366207372653
962 218.73584588233254
963 231.3621591410708
964 231.12215690129793
965 243.70946607968753
966 243.45717884772097
967 243.20541340940898
968 242.9541681476224
969 255.4773067914817
970 267.9746245309207
971 267.69864654479204
972 267.42323641460194
973 279.8697444080579
974 266.87411272586553
975 279.2956526246568
976 279.0094890461479
977 266.05464257419965
978 253.12628863082392
979 252.86773266695178
980 265.24018958672764
981 277.58742233337455
982 277.30474675055035
983 277.0226462960737
984 264.1619774339361
985 263.8937926852722
986 276.17977820389495
987 288.4408681084982
988 300.6771379930516
989 300.3731166199545
990 300.0697094314495
991 299.7669145682492
992 286.98703308779
993 286.69802298397553
994 298.862185449834
995 298.5618214443568
996 285.8344747219756
997 285.5477801635784
998 285.26166014337446
999 284.9761129360237
1000 272.3132613090404
1001 272.0412200889515
1002 271.7697218653098
1003 283.83961796918015
1004 283.55690918634235
1005 270.9584689642193
1006 270.68912654974196
1007 270.4203190755118
1008 270.15204494944487
1009 257.6168342864154
1010 269.6170904049905
1011 257.1072065232375
1012 244.62204573215988
1013 244.38056296243417
1014 244.13955649008463
1015 256.09397615270257
1016 243.6589668119545
1017 243.41938080722298
1018 243.18026550191138
1019 242.941619510251
1020 254.838613524503
1021 266.7123029471502
1022 278.5627561869742
1023 278.2904563275539
1024 290.1064573604833
1025 289.8234266703755
1026 289.5409476970126
1027 289.2590188287584
1028 301.01837339609165
1029 312.75487207505296
1030 324.468581436191
1031 336.1595677917789
1032 347.8278971970652
1033 347.49118093646786
1034 335.1842498968318
1035 334.86040038002324
1036 334.53717605533205
1037 346.1508099396059
1038 333.8925957546474
1039 345.4844946172967
1040 345.152297987857
1041 332.93036925391357
1042 344.48981756945426
1043 344.1595301125324
1044 343.8298753902024
1045 331.65599463475985
1046 319.50539089797013
1047 331.0224588283897
1048 342.5175476215375
1049 330.3913387924919
1050 330.07668037459433
1051 329.7626207357983
1052 329.44915816855894
1053 317.3814234371099
1054 328.82401745097155
1055 328.5123359178427
1056 339.92271771531375
1057 351.3115093863941
1058 350.9794569200554
1059 362.3362992780604
1060 361.9944725806282
1061 373.31952540010667
1062 372.96800042327044
1063 360.97285130335456
1064 360.6335911047612
1065 371.9173863375711
1066 371.56849573125066
1067 359.61962599387624
1068 359.2829034976273
1069 358.94681097798497
1070 370.1794546257133
1071 369.83381554576397
1072 381.0353469809333
1073 380.6802348215848
1074 391.8508077072698
1075 391.4862953280072
1076 379.61885870219373
1077 367.7734600274032
1078 367.43229726299927
1079 367.09176686701875
1080 366.7518670828826
1081 366.4125961605117
1082 377.5137633674311
1083 388.5944298038853
1084 388.2359478575717
1085 387.8781267074726
1086 387.5209645281839
1087 387.1644595010191
1088 375.4318859959196
1089 386.4534136617151
1090 397.45471834096793
1091 397.0904152077498
1092 408.061830133427
1093 407.68848902626013
1094 396.0015018205256
1095 384.33586071014406
1096 395.27887134275096
1097 383.6351572266251
1098 383.2857627300617
1099 371.67415101324883
1100 371.3362654214186
1101 359.75659986331806
1102 359.43014196870524
1103 347.8822673938948
1104 347.5671566444438
1105 358.4543135289712
1106 369.3217829688612
1107 380.16961831762217
1108 379.8265049436893
1109 390.6453047715555
1110 401.4446112663985
1111 401.08327498263037
1112 400.72258858426466
1113 411.4837322729107
1114 422.2255561344676
1115 410.74564486076196
1116 399.2863069047512
1117 398.92884378308173
1118 398.57202013032406
1119 387.15428328119305
1120 375.7569352478641
1121 375.42173726816037
1122 375.0871367893117
1123 385.7752831626492
1124 374.41972195516706
1125 374.08690442454025
1126 373.7546780440566
1127 362.44001061540416
1128 362.1186985492557
1129 372.7615300953125
1130 361.4777804987261
1131 350.2139844823282
1132 360.83912717629016
1133 371.44551410203684
1134 371.1179607386312
1135 381.6966017547621
1136 392.25661840290695
1137 391.91162577458425
1138 402.4441072229786
1139 402.0907761367424
1140 390.88027939096696
1141 401.385971971735
1142 390.1957254866045
1143 389.85434689912717
1144 400.3333863809
1145 410.7941218635781
1146 421.23660126338933
1147 431.6608723294607
1148 431.28486111663017
1149 430.90950440547556
1150 419.77143047638623
1151 419.4067289729315
1152 429.78734423775296
1153 429.4145885185529
1154 439.7685407937077
1155 439.38778881033653
1156 449.7152003373581
1157 438.62825935690466
1158 438.249478476631
1159 437.8713512303181
1160 426.82329358783744
1161 437.1170508836681
1162 436.7408744199128
1163 436.3653448632319
1164 425.3565468744772
1165 424.9914339587051
1166 424.62694730865474
1167 413.65650818152886
1168 413.30235021219534
1169 412.948798158977
1170 423.17523124947985
1171 412.2435055916688
1172 422.45308921663093
1173 432.6452651968787
1174 432.2767428244793
1175 431.90884772420316
1176 431.54157829586626
1177 441.69139472386235
1178 451.82397886590263
1179 461.9393745700429
1180 461.5479005237971
1181 461.1570894310589
1182 460.7669396092052
1183 460.3774493813023
1184 459.9886170760816
1185 459.60044102791613
1186 469.64957683990554
1187 469.2539158653142
1188 468.8589209866397
1189 458.05426628938653
1190 468.0709228001075
1191 457.2850735668183
1192 456.90144514939647
1193 456.5184598642754
1194 456.1361160955449
1195 445.39635740923285
1196 445.02395242812145
1197 434.3114215455188
1198 433.9488911435609
1199 433.58696546287405
1200 433.225642991655
1201 443.1712298951151
1202 442.80253502831386
1203 442.4344531205597
1204 431.7863551411844
1205 441.7001220780359
1206 451.59744827369866
1207 451.2232996007296
1208 450.8497703792058
1209 440.2387486385718
1210 450.1045641471741
1211 459.95408598854493
1212 459.5745859175973
1213 459.19571156811867
1214 458.81746139384506
1215 468.6273857170167
1216 468.2420013537626
1217 467.8572503255343
1218 477.6355904435325
1219 477.24376469255344
1220 466.70678167719285
1221 456.187058257271
1222 455.8137464256366
1223 445.3201329665418
1224 444.95630932849724
1225 434.4886915134965
1226 434.13429616968455
1227 443.86839659175274
1228 433.4272370554017
1229 433.07457046707344
1230 442.785790746407
1231 452.48123325111936
1232 462.1609364011163
1233 461.7861100131186
1234 471.4425844086083
1235 471.0608495224475
1236 470.6797323302772
1237 460.29286470992344
1238 459.92106110353416
1239 449.5596433673349
1240 449.1970952678451
1241 458.809245484428
1242 448.4737505089596
1243 438.1548854530012
1244 437.8026709148557
1245 447.393090869179
1246 456.9681168909913
1247 446.6755398012252
1248 446.31762670843574
1249 445.96028673509034
1250 445.60351850570225
1251 455.14170555249814
1252 444.8916917988241
1253 454.4152223832204
1254 463.9235639236224
1255 473.4167527285019
1256 473.03982856231676
1257 482.51066045212184
1258 482.1271066679787
1259 491.5756756968741
1260 481.36182554628346
1261 490.7960156243969
1262 490.40711228396555
1263 490.0188247841366
1264 499.42377469652837
1265 508.8138551228926
1266 508.41194844428054
1267 508.0106761882077
1268 507.61003685367444
1269 497.4559899262505
1270 497.0642922963873
1271 506.41190144017247
1272 506.01377887614717
1273 495.89289176465974
1274 505.2194087366242
1275 514.5312958780444
1276 523.8285875850736
1277 533.1113181461246
1278 542.3795217422914
1279 541.9554564399128
1280 541.5320537395692
1281 550.7719783768117
1282 550.3423590489048
1283 559.5610131058014
1284 559.1252179242548
1285 568.3226889718214
1286 567.8807584205214
1287 567.4395146299848
1288 566.9989560006138
1289 556.9563846506929
1290 556.5246355153048
1291 565.6813751578547
1292 555.663142271473
1293 555.233395061673
1294 554.804312067035
1295 554.3758917488365
1296 553.9481325731043
1297 563.0644990969857
1298 562.6307051839681
1299 552.6688066318269
1300 542.7222340774583
1301 532.7909521803601
1302 541.8885593707341
1303 541.472681734993
1304 541.0574419483864
1305 531.1578764648648
1306 530.7511705870203
1307 530.3450870594097
1308 539.4028320341712
1309 538.9907595880029
1310 529.1305563256859
1311 528.726947968458
1312 518.889598530946
1313 518.4944046249818
1314 518.0998122318122
1315 517.7058199791644
1316 517.312426498937
1317 516.9196304271838
1318 507.13602257856894
1319 506.7515373453782
1320 496.9904562458383
1321 505.98431321616494
1322 496.23857961006547
1323 505.21940873662425
1324 495.48897450491427
1325 495.1150205618917
1326 494.7416306519657
1327 494.3688035000049
1328 503.3172272278267
1329 512.2521845542523
1330 502.5603592169578
1331 502.18277818073165
1332 501.8057640829984
1333 501.42931564782737
1334 501.05343160311384
1335 500.6781106805647
1336 491.03847473391204
1337 490.67120586724496
1338 490.30448598244135
1339 489.93831384951943
1340 489.572688242169
1341 489.2076079377379
1342 498.0665259005617
1343 497.69566474948164
1344 497.32535547511446
1345 487.75271542342495
1346 496.58638763636986
1347 505.4069437806987
1348 505.0320128135024
1349 504.6576377113426
1350 504.2838172389638
1351 494.7485401617719
1352 494.3826018924215
1353 503.1656713027355
1354 502.79405706986796
1355 493.2880278660914
1356 492.92424613462674
1357 483.4395005486415
1358 483.08350680744223
1359 473.6199608023982
1360 482.37308988566656
1361 491.1133561782174
1362 499.84078801218885
1363 499.474066964491
1364 508.18257242422914
1365 516.8783181690079
1366 525.5613322216275
1367 534.23164252289
1368 533.8411223163673
1369 533.4511726287732
1370 524.0268465801046
1371 523.6446242266544
1372 523.2629590486466
1373 531.8970541360455
1374 522.5012953527971
1375 531.1233856936658
1376 521.7418457955982
1377 521.3629483040982
1378 520.9846007363884
1379 529.5827812391519
1380 538.1685006107521
1381 537.7788058239231
1382 537.3896749948176
1383 528.0510884517647
1384 536.6131003199696
1385 545.1627482721193
1386 553.7000590699369
1387 553.3008521059355
1388 552.902220368107
1389 543.5928051525451
1390 552.1066776049875
1391 560.6083086879798
1392 569.097724783784
1393 568.6891837035371
1394 559.4018345659827
1395 567.87385870898
1396 567.4670722772402
1397 558.2005421510236
1398 557.8012570708011
1399 548.5548833959489
1400 548.1630584792375
1401 547.7717929128712
1402 556.209812685435
1403 555.8133694832359
1404 564.2336416659738
1405 563.8320518854287
1406 563.4310333563494
1407 571.8279377491646
1408 571.4218099524677
1409 571.0162586324163
1410 579.3899176788099
1411 587.7517076124516
1412 587.3354528620179
1413 586.9197872902826
1414 586.5047096472201
1415 586.0902186863386
1416 585.6763131646676
1417 576.5277233077784
1418 576.1211452236403
1419 575.7151401882466
1420 584.0265207332178
1421 592.3262033463875
1422 600.6142127069367
1423 591.4936998982548
1424 582.385996798574
1425 581.9773048709959
1426 590.2493232505025
1427 598.5097480513413
1428 606.7586036297698
1429 606.3339999883214
1430 605.9099901981198
1431 605.4865730141937
1432 596.4199793779776
1433 587.3660397454407
1434 586.9564399966642
1435 586.5474111186178
1436 586.1389519186745
1437 594.3447532841085
1438 602.5391418520941
1439 610.7221414158156
1440 601.702281932855
1441 592.6949413388369
1442 600.8677434003546
1443 600.4513416377763
1444 600.0355166089413
1445 591.0542633005286
1446 590.6455120810954
1447 598.7914899677342
1448 606.9262165037006
1449 606.5073578311653
1450 614.6255427664869
1451 605.6713724999025
1452 605.2542434554812
1453 596.318847889409
1454 604.421706669435
1455 595.4991656242689
1456 603.5914570723617
1457 611.6726403647261
1458 611.2531118048051
1459 610.8341583354393
1460 601.9377818475059
1461 601.5257778900469
1462 592.6479384290775
1463 600.7034596701016
1464 591.8383100978901
1465 591.4343249032842
1466 591.0308908480977
1467 590.6280068052565
1468 581.7938763414604
1469 589.8238842636564
1470 589.4226435260621
1471 580.6073490613622
1472 580.2129147209673
1473 579.8190159329694
1474 571.0281783956693
1475 562.249260638081
1476 561.8683329547218
1477 561.4879210840686
1478 569.4827706056947
1479 569.0977247837841
1480 577.0766286954487
1481 568.329193082523
1482 567.945705097987
1483 567.5627342921218
1484 567.1802796194182
1485 566.7983400371829
1486 558.0872539980951
1487 566.0360019873683
1488 565.6556014483983
1489 565.2757118570966
1490 573.2036311874256
1491 581.1209161524556
1492 580.7314249217904
1493 588.6330619540246
1494 588.2390639205881
1495 587.8455929748219
1496 595.7266290183195
1497 603.5971359555467
1498 603.1942006177926
1499 602.7918028855593
1500 602.3899416836356
1501 601.9886159396758
1502 593.346895480297
1503 592.9521204334039
1504 592.5578703533284
1505 600.3886461963145
1506 599.9899817566092
1507 607.8054333374258
1508 607.402379336539
1509 598.7971587312481
1510 590.2033357691431
1511 589.812731311321
1512 589.4226435260622
1513 597.2140862693017
1514 596.8196251819375
1515 596.4256848352827
1516 604.1970897358184
1517 611.958248881706
1518 611.5551143304006
1519 603.0038104275844
1520 594.4637582404298
1521 602.2109060088762
1522 601.8152352427732
1523 609.5473825039711
1524 601.0254514694886
1525 592.5146967380022
1526 592.1264171202184
1527 591.7386460546519
1528 591.351382542836
1529 599.0600314189018
1530 590.5783741996428
1531 598.2774578964734
1532 597.8869373625984
1533 597.4969263140905
1534 605.1764429944902
1535 612.8459537899644
1536 612.4469655387991
1537 603.9952267752427
1538 603.6025120634253
1539 595.1675035994157
1540 594.781031194481
1541 602.4274260568125
1542 602.0367467921842
1543 609.6685282356418
1544 617.2904239518411
1545 624.902453136369
1546 632.5046349351471
1547 632.0957760890352
1548 631.6874454843265
1549 631.2796420979583
1550 630.872364909508
1551 630.4656129011846
1552 638.034820311717
1553 629.6536803668624
1554 629.2484978183638
1555 636.8038849670642
1556 636.394627971584
1557 628.036072967076
1558 627.6329689407813
1559 635.1700071352051
1560 634.7628468742209
1561 642.2856608826598
1562 649.798842606837
1563 649.3831043838
1564 648.9678977953193
1565 640.644036190308
1566 640.2349403817574
1567 639.8263667120817
1568 647.3123674438007
1569 654.7888257909029
1570 662.2557599872447
1571 669.7131882202555
1572 669.2871620190975
1573 668.8616774914312
1574 668.4367336048421
1575 675.8712979098849
1576 667.5884636383385
1577 667.1651355066718
1578 666.7423439125611
1579 666.320087836619
1580 658.0642678354267
1581 657.6480349019444
1582 665.0565225625926
1583 656.8171466708617
1584 648.5881740315194
1585 648.1789701362313
1586 647.7702822609879
1587 647.3621094303256
1588 646.9544506712385
1589 646.5473050131698
1590 653.9254988553296
1591 661.2944177837973
1592 668.654079276425
1593 676.0045007671788
1594 667.8151155634057
1595 667.3964227009835
1596 666.9782545163338
1597 666.5606100238376
1598 666.1434882403433
1599 657.9858778574243
1600 657.5746366837634
1601 664.8952493491996
1602 664.4802086192689
1603 656.3439916993271
1604 648.2179196882631
1605 655.5261175663685
1606 662.8252143263192
1607 662.4127530852948
1608 662.000804855764
1609 661.5893686812111
1610 668.8665650447924
1611 668.4513778535791
1612 660.358122957859
1613 667.6225478748394
1614 667.2089031735538
1615 659.1314515220239
1616 658.7235731485573
1617 658.3161992628749
1618 657.9093289295851
1619 649.8575779456587
1620 649.4564312926058
1621 649.0557795768176
1622 648.6556218828739
1623 655.8824979716998
1624 663.1004739668201
1625 655.0752579741961
1626 654.6723826617888
1627 646.6622118586487
1628 653.8681168354229
1629 661.0651747833738
1630 660.6596133264514
1631 660.2545491858466
1632 659.849981447375
1633 651.86607116232
1634 659.0423315312827
1635 658.6392475364623
1636 665.8025948876302
1637 665.3958736934411
1638 657.4329485483003
1639 657.0318302148357
1640 656.6312010500707
1641 663.7739459086916
1642 670.9079907126737
1643 662.9659435399653
1644 662.5626795840408
1645 662.1599059186402
1646 669.277594623457
1647 668.8712329995205
1648 668.4653645328946
1649 668.0599883263859
1650 675.1568462207621
1651 667.2507091158149
1652 674.3394650510033
1653 666.443388233642
1654 658.5568592721663
1655 658.1589397197359
1656 650.2869382379927
1657 657.3645414822952
1658 664.4336072076057
1659 664.0331047318929
1660 663.6330847892833
1661 655.7814841879368
1662 655.3869104910729
1663 654.9928113266164
1664 662.0378129508475
1665 654.2060331748727
1666 653.8133524826909
1667 660.8463831734915
1668 660.4501922962892
1669 652.6381337544416
1670 652.2473324767443
1671 644.4495330473464
1672 651.4671323182794
1673 643.6791211728129
1674 650.6887964373734
1675 650.3003255141272
1676 642.5269509081837
1677 634.762846874221
1678 634.3845615065964
1679 634.0067267469141
1680 633.6293417905171
1681 633.252405834663
1682 640.2349403817574
1683 639.8545274641211
1684 646.8248487150612
1685 639.0950562149055
1686 638.7159962764625
1687 631.0001743971955
1688 630.6263591280027
1689 637.5815096045683
1690 629.8800557444193
1691 629.50756606036
1692 629.1355166714353
1693 628.7639067974416
1694 635.6996279351333
1695 635.324583906853
1696 642.2482578043414
1697 649.163771803306
1698 648.7814609836339
1699 648.3996002061273
1700 655.2992919201515
1701 654.9140483622913
1702 654.5292574995638
1703 646.8766416618968
1704 639.2330077677013
1705 638.858091047603
1706 638.4836138547263
1707 630.858330241427
1708 623.2419755316561
1709 615.6345340515046
1710 622.5130375485782
1711 622.1492076026117
1712 621.7858026916289
1713 628.6486688395306
1714 635.5035269755911
1715 627.9155508583766
1716 620.3364185361705
1717 612.7661145567976
1718 612.4094404505363
1719 619.2538069854966
1720 618.8937757023655
1721 618.5341628170067
1722 610.9868865818939
1723 617.8161893256347
1724 617.4578272668612
1725 609.9243006921863
1726 609.5709262421908
1727 602.0506908974951
1728 601.7022819328554
1729 601.3542759861042
1730 608.1615136959662
1731 600.6594703523825
1732 600.3126692725024
1733 607.1087240011665
1734 606.7586036297702
1735 599.2746646570456
1736 598.9294603571279
1737 591.4586457489503
1738 591.1183358261949
1739 583.6606050327081
1740 583.325167903379
1741 582.9901161125097
1742 589.7610032525412
1743 582.3211658932182
1744 589.0846718267928
1745 595.8404258911027
1746 602.5884414055106
1747 602.2435138488961
1748 601.8989809462365
1749 601.5548420205954
1750 608.2841681188963
1751 607.9367756756532
1752 614.6547772386506
1753 614.3041470177501
1754 606.8969750331064
1755 613.6040853117469
1756 620.3035565126213
1757 619.9505095254201
1758 612.5569793641159
1759 605.1718557180607
1760 597.7951242579667
1761 597.4556608143222
1762 604.1414836595168
1763 596.7778892195244
1764 596.4395797585155
1765 603.1146142821918
1766 595.7641102457652
1767 602.4319718212047
1768 602.0912297556949
1769 608.7479761006873
1770 608.404050690461
1771 615.0497149837172
1772 614.7026214651033
1773 614.3559194789414
1774 607.0322264498961
1775 613.6636874569933
1776 606.3486316002904
1777 606.007411211095
1778 598.7048898808035
1779 598.3683497515844
1780 591.0783251090008
1781 590.7464450836729
1782 597.3609956274234
1783 597.025964222136
1784 589.7530373845411
1785 589.4226435260624
1786 582.1621182418668
1787 581.836342014535
1788 574.5881810212118
1789 567.3481230586247
1790 567.0311687999326
1791 566.7145684823447
1792 566.3983215133255
1793 559.1789830662756
1794 565.7668852574578
1795 565.4516947921334
1796 558.2449424486815
1797 564.8223662503502
1798 557.6239803324984
1799 564.1944369938185
1800 557.0043981321289
1801 556.6951230637602
1802 563.2551565770696
1803 562.9427577104157
1804 562.6307051839686
1805 562.3189984220938
1806 562.0076368504316
1807 561.6966198958934
1808 554.5397769014558
1809 561.0756175521722
1810 567.6042362795175
1811 567.2908159392197
1812 560.1466844105295
1813 559.8377231946384
1814 552.7055769778567
1815 559.2208221222476
1816 565.7288918865236
1817 572.2297981177622
1818 571.9150402530111
1819 578.4053978526781
1820 584.8886231912466
1821 591.3647280187347
1822 591.0401590132359
1823 590.7159460900251
1824 590.3920886634407
1825 590.0685861491046
1826 582.9667547689313
1827 589.4226435260623
1828 589.1002022549868
1829 595.5456780952231
1830 595.2202432984498
1831 601.6553362917588
1832 601.3269218068833
1833 600.9988656575069
1834 607.4202814963236
1835 607.0892622693501
1836 600.0168413672169
1837 599.6902127110562
1838 606.0983657585732
1839 612.4995496347498
1840 618.8937757023652
1841 611.8341508844676
1842 604.7821912400964
1843 611.1701962985918
1844 610.8387590988638
1845 603.7988055632832
1846 603.4717206198578
1847 603.1449898561222
1848 609.5165972826325
1849 615.8813127595197
1850 622.2391474629185
1851 615.2158548310923
1852 614.8836648446825
1853 621.2317446337826
1854 620.8966681803663
1855 620.5619529953634
1856 620.2275984948271
1857 613.2280814713796
1858 606.2360989118971
1859 605.9099901981198
1860 605.5842321388735
1861 605.2588241688902
1862 604.9337657241164
1863 604.6090562417095
1864 597.64420400443
1865 597.3237513481273
1866 590.3702683548822
1867 596.6838758780169
1868 589.7381802731319
1869 596.0453698578157
1870 595.7266290183195
1871 595.4082288959153
1872 601.702281932855
1873 601.3810313819032
1874 601.060123681059
1875 600.7395582817625
1876 607.0173493029595
1877 600.0994521994165
1878 599.7799104250824
1879 599.4607087697204
1880 599.1418466905876
1881 605.403799730118
1882 605.0821186463081
1883 598.1872925004274
1884 591.2997857028968
1885 584.4195866048861
1886 584.109714077524
1887 583.8001699789138
1888 576.9348756547474
1889 576.6294575098799
1890 576.3243625588165
1891 576.0195902888223
1892 575.7151401882469
1893 568.8722502494008
1894 575.1072044541515
1895 574.8037178027246
1896 574.5005512848961
1897 574.1977043943928
1898 567.3736405279851
1899 567.0748655724675
1900 566.7764051169031
1901 566.4782586649742
1902 572.6882467067103
1903 565.8829057919684
1904 572.0866834223546
1905 571.7863754520541
1906 571.4863826002954
1907 577.6774623755691
1908 570.8873402705257
1909 570.5882898041714
1910 570.2895524796666
1911 576.4682997123026
1912 576.1667995555493
1913 575.8656146106692
1914 575.5647443836
1915 581.7278309473929
1916 581.4242151692367
1917 574.6640170840951
1918 574.3644008082431
1919 574.0650967953154
1920 573.7661045574011
1921 579.9108778054438
1922 579.6091551843172
1923 572.8709936298545
1924 572.5732436331655
1925 572.2758029871222
1926 571.9786712098703
1927 571.6818478205554
1928 577.8053922532456
1929 583.9225877544349
1930 583.6200371908315
1931 589.727885702927
1932 583.0158756616485
1933 582.7142637239032
1934 582.4129636909538
1935 582.1119750792272
1936 588.204828146876
1937 587.9011601922313
1938 587.5978056204086
1939 587.2947639465456
1940 586.9920346867793
1941 593.066678416486
1942 592.7612887777544
1943 586.0857165683747
1944 592.151452060905
1945 585.4830577338571
1946 585.1821928532128
1947 584.8816370274021
1948 584.5813897804682
1949 590.632335970446
1950 583.9818191242831
1951 583.6824947679918
1952 583.3834770964918
1953 589.4226435260621
1954 595.4556286184475
1955 595.1510477342437
1956 594.8467782824368
1957 594.5428197856139
1958 600.5608650840111
1959 600.2543000686542
1960 593.6328052655339
1961 593.3300858339859
1962 586.7188699319058
1963 580.1143898585593
1964 573.5166353250024
1965 566.9255960632354
1966 572.9332002941529
1967 578.9346961323599
1968 584.9300928894305
1969 590.9193998580225
1970 584.3362552316747
1971 584.0397883340432
1972 583.7436221127784
1973 589.7213878968304
1974 589.422643526062
1975 595.3914804225284
1976 601.3542759861036
1977 601.0501008338598
1978 600.7462332399094
1979 594.1880615636653
1980 600.1394188628994
1981 606.0847677246785
1982 612.0241172435092
1983 617.9574764955535
1984 617.6460059932875
1985 623.5705548638437
1986 617.024005987252
1987 616.7134755363273
1988 616.403257490283
1989 622.3165165433533
1990 628.2238326225009
1991 627.9083008130472
1992 621.3792928738603
1993 627.2781871142885
1994 626.9636042722051
1995 632.8537856806137
1996 632.5367246657436
1997 632.2199811881944
1998 625.7084218812697
1999 631.5874449388815
2000 631.2716512164121
2001 637.1420179644534
2002 630.6410102062059
2003 624.1464937188102
2004 623.8350433726432
2005 623.5239037001381
2006 617.0426477590876
2007 610.5678504687008
2008 610.263782814085
2009 609.960017864949
2010 615.8147021914078
2011 615.5084790674937
2012 615.202560340323
2013 614.8969455562492
2014 614.5916342625271
2015 620.4294922673831
2016 620.1217395430441
2017 613.6775168094842
2018 607.2396808179794
2019 606.9389182222301
2020 600.510792265661
2021 594.0890276410629
2022 593.7952150655727
2023 599.6202671164781
2024 605.439563187096
2025 605.1405806867568
2026 604.8418933320249
2027 604.5435006860791
2028 598.1419134007077
2029 597.8471169919346
2030 597.552611022973
2031 591.1639216457844
2032 590.8729945189901
2033 584.493875724811
2034 590.2919984575162
2035 590.0019286794045
2036 595.7916504796833
2037 595.4991656242687
2038 595.2069678001154
2039 594.9150565849119
2040 600.6910175934718
2041 606.4613186696373
2042 600.1026816310884
2043 599.8089456146267
2044 599.5154970110971
2045 605.2750862614815
2046 611.029045414847
2047 610.7305456369209
2048 616.4762218910274
2049 616.1753550184599
2050 621.9127697301811
2051 621.6095455616145
2052 621.3066169331731
2053 621.0039834129914
2054 620.7016445700444
2055 626.4228970612743
2056 620.0978491959492
2057 619.796391806938
2058 613.480710608758
2059 613.1827598022459
2060 606.8764208343578
2061 600.5762015549392
2062 600.2849424853199
2063 599.9939657802859
2064 605.7003037397175
2065 611.4011149795758
2066 611.1051802675819
2067 610.8095318978346
2068 610.514169454944
2069 604.2365524015355
2070 609.9243006921856
2071 609.6297935455452
2072 603.3616925283673
2073 603.0706352719618
2074 596.8117412751831
2075 590.5588799473169
2076 596.2367781332995
2077 589.9902146801553
2078 583.7496633188813
2079 583.4688794500411
2080 583.18836556569
2081 588.8561633304577
2082 588.5733313595978
2083 588.2907709508797
2084 593.9479613266458
2085 593.6630941989112
2086 587.4447151920817
2087 581.2322953409848
2088 580.9539273834461
2089 586.6010894641851
2090 586.320419086451
2091 580.1204210313895
2092 579.8431168148352
2093 579.56607758081
2094 579.2893029496826
2095 573.1044987410921
2096 572.8310710222271
2097 566.6552452782742
2098 566.385152215701
2099 566.1153165071657
2100 571.7399642202801
2101 565.5764156823136
2102 565.3073498327977
2103 565.0385398709182
2104 564.7699854318159
2105 564.5016861513258
2106 558.3562078986199
2107 558.0912073253411
2108 557.826458175756
2109 551.6928868280921
2110 551.431421004951
2111 545.3066901025103
2112 545.0484956469693
2113 544.7905455780403
2114 544.5328395489116
2115 544.2753772134275
2116 544.0181582260866
2117 549.6080766747504
2118 543.5044489170912
2119 543.2479579076919
2120 537.1530883454491
2121 531.0639659492243
2122 536.6468177626541
2123 530.5636701734832
2124 524.4862505952249
2125 524.2394335361212
2126 523.9928486661606
2127 529.5659011651644
2128 535.1337158328722
2129 534.8823613397614
2130 528.8200336987346
2131 534.3803600621079
2132 528.3239548678728
2133 528.0762643123792
2134 527.8288058942384
2135 521.7839795148747
2136 515.7448130853045
2137 509.7112986598798
2138 515.262357694205
2139 520.8082263975024
2140 526.3489120459368
2141 520.3217170781212
2142 525.8574564791338
2143 531.3880295344619
2144 536.913443473134
2145 530.8925628402574
2146 530.6451758119068
2147 536.163215093805
2148 541.6761165365207
2149 535.6642265269423
2150 529.6579289731869
2151 529.4116909773835
2152 523.413880937874
2153 523.1707718431513
2154 522.9278884764645
2155 522.6852305235752
2156 522.4427976708278
2157 522.2005896051483
2158 521.958606014043
2159 527.4499987458786
2160 527.2058089316445
2161 526.9618451144618
2162 526.7181069807364
2163 532.1971441545998
2164 531.9512120177445
2165 537.4227705868112
2166 531.4600289964908
2167 531.2147774833406
2168 525.2604000425978
2169 519.3115130374849
2170 524.7762890748165
2171 530.2360307721783
2172 524.2930696557789
2173 524.0517935077552
2174 523.8107393249089
2175 529.2608840489191
2176 534.7060194487345
2177 534.4604034544999
2178 534.2150130029597
2179 533.9698477835917
2180 533.7249074864433
2181 539.1555129915147
2182 538.9084206390896
2183 544.3316762934223
2184 544.0824401779033
2185 549.4983637815048
2186 549.2469921603788
2187 543.3360993820488
2188 543.0877739252929
2189 542.8396753533764
2190 542.5918033554981
2191 547.9935759299808
2192 547.7435788606697
2193 541.849543706585
2194 535.9608814195504
2195 530.0775846562398
2196 529.8362014209683
2197 529.5950379246456
2198 534.9855203978587
2199 540.371100203975
2200 540.1254769766094
2201 539.880076941636
2202 545.256096667842
2203 539.3899452331098
2204 539.1452129530585
2205 538.9007026523994
2206 544.2674183420617
2207 538.4123467823022
2208 543.7744224921141
2209 537.9248752143689
2210 532.0806216445673
2211 526.2416545999305
2212 520.4079669106687
2213 514.5795514199511
2214 519.9378603461604
2215 514.1149197708136
2216 508.2972345569967
2217 508.0679620109629
2218 513.419543414045
2219 513.1881691267922
2220 507.38138368392106
2221 507.1529364152655
2222 501.3540937282887
2223 501.1285633217533
2224 506.46882723844635
2225 511.804290917911
2226 517.1349608294695
2227 511.34465527272204
2228 511.1151468996194
2229 516.4389514609238
2230 510.6567476647318
2231 510.42785624937335
2232 510.1991699338494
2233 509.97068844261173
2234 509.74241150060516
2235 515.0525381684113
2236 509.28647016652593
2237 503.5255573439002
2238 497.7697927901061
2239 497.54747488354514
2240 497.325355475115
2241 497.1034342990886
2242 502.4026189912153
2243 507.69707859667943
2244 507.4708321267166
2245 512.7583175084184
2246 518.041094532701
2247 517.8105466490638
2248 523.0863762608957
2249 528.3575141612009
2250 528.1226885993515
2251 527.8880716786055
2252 527.6536631210217
2253 521.925509913224
2254 521.6939546736884
2255 526.9516848552288
2256 532.2047539284522
2257 526.4847360870806
2258 526.2515718992652
2259 526.0186141427804
2260 525.7858625436021
2261 525.5533168281914
2262 519.8488832159566
2263 519.6191665198822
2264 519.3896527537516
2265 524.6251873503492
2266 524.393666967582
2267 524.1623508374684
2268 523.9312386898329
2269 523.7003302549762
2270 523.4696252636744
2271 517.7887159112697
2272 517.5608159482806
2273 522.778728265966
2274 522.5488343661129
2275 522.3191425707872
2276 522.0896526135944
2277 521.8603642286082
2278 521.6312771503691
2279 521.4023911138836
2280 515.7448130853043
2281 520.9452211085229
2282 520.716936611981
2283 520.4888521018576
2284 520.2609673154732
2285 520.0332819906087
2286 514.3911521585711
2287 508.75395641471204
2288 503.12168828951013
2289 508.3094357013746
2290 513.4926523294732
2291 513.268517605628
2292 513.044578461821
2293 512.8208346421691
2294 512.5972858912352
2295 512.3739319540277
2296 512.150772575999
2297 506.53909373985476
2298 506.3186676764345
2299 511.48245925815297
2300 505.87839057410713
2301 505.6585390353961
2302 505.43887850584116
2303 510.59408329765245
2304 510.3724712823323
1 0.0
2 0.0
3 0.0
4 0.0
5 51.68883925155052
6 43.074032709625435
7 36.92059946539323
8 2.4233327958854147
9 -28.871698740635864
10 -49.89028225563921
11 -19.89359092954686
12 -36.233665689343184
13 -33.446460636316786
14 -31.05742773372273
15 -28.986932551474546
16 -27.175249267007388
17 -25.57670519247754
18 -11.234226559308109
19 -10.642951477239261
20 1.7384520414117077
21 1.655668610868293
22 1.5804109467379162
23 1.5116974273145285
24 1.4487100345097563
25 1.3907616331293662
26 1.3372708010859289
27 1.2877422528975613
28 1.2417514581512197
29 1.1989324423529018
30 9.367186742249125
31 9.065019427983025
32 0.16477695480253907
33 0.15978371374791667
34 8.392534849560525
35 8.152748139573081
36 7.926282913473829
37 7.712059050947508
38 1.8255709694198714
39 1.7787614573834645
40 -4.7769839128336695
41 1.1022886054171863
42 1.076043638621539
43 7.564352445429794
44 7.392435344397299
45 7.228159003410692
46 0.9824746265674896
47 0.9615709111086069
48 0.9415381837938442
49 5.476819858443829
50 10.968749907902485
51 10.753676380296552
52 15.849619905940706
53 9.787663867662607
54 14.033402201421987
55 13.778249434123406
56 9.547024618484716
57 14.293100016956505
58 14.046667258043462
59 17.86041076029136
60 17.562737247619836
61 21.47231253428567
62 24.426631902239958
63 27.526041447386863
64 27.095947049771443
65 31.3780717124334
66 30.902646383457135
67 26.493032591823162
68 30.222154499757767
69 29.784152260630844
70 33.08301107240684
71 28.684208789234827
72 28.285817000495456
73 30.61124067788541
74 30.19757526331939
75 33.27099784760781
76 32.833221560139286
77 28.70693527895439
78 28.338897647172924
79 30.398680858322972
80 30.018697347593935
81 29.648096145771788
82 29.28653399765262
83 25.253755875719474
84 24.95311592481805
85 24.65954985511431
86 21.018208670674213
87 20.776620065264165
88 17.312851899870665
89 19.220112808362913
90 22.347793020286474
91 22.102212877206405
92 21.861971432888943
93 21.626896471244976
94 21.396823104529606
95 18.794748385472978
96 18.598969756457635
97 20.871738458872187
98 20.65876153582247
99 20.45008717687477
100 20.24558630510602
101 20.045134955550516
102 19.848614024613745
103 19.655909034083518
104 22.367077447690164
105 24.07261225484002
106 22.080803905684167
107 21.87444125236002
108 21.67190012965298
109 24.07890084854941
110 23.860001749926234
111 23.645046779206176
112 23.433930290106122
113 25.89573111983239
114 23.879125312888725
115 21.912528990571058
116 23.64751012204582
117 25.488621436307557
118 27.46282122292997
119 27.23204121265325
120 29.202997250382168
121 27.008979179424866
122 26.78759410418368
123 28.12315652063769
124 27.896356871277707
125 25.945390111930664
126 23.315394554512178
127 24.724560359229745
128 26.56815183364944
129 26.362197168272314
130 26.15941103620868
131 25.959720875626935
132 25.76305632353885
133 27.668837486766424
134 27.462353624924884
135 29.0829773865124
136 28.86913196455275
137 28.658408373570612
138 26.561577377494373
139 26.370486892764198
140 26.182126272101595
141 25.996437433292364
142 25.81336393024101
143 27.65030398671998
144 27.458287986812202
145 25.774748002247133
146 25.598208632368728
147 23.652295285541037
148 23.49248247955765
149 24.957951769516004
150 23.443035746028276
151 23.287783853670472
152 21.71368995958644
153 21.57177041736692
154 23.305043284830344
155 23.154688166863696
156 21.48712530107752
157 21.350264630370017
158 22.982427202537334
159 24.477533126326097
160 24.32454854428656
161 24.173464391837577
162 22.80176556565363
163 21.336880574164326
164 22.79489382280541
165 21.247119252942515
166 21.11912455864768
167 22.66471034591809
168 23.9142532022196
169 23.77274874540173
170 25.022751337107906
171 26.48895009954466
172 24.96126324236445
173 23.56857103837909
174 25.04273627569517
175 23.0200407709465
176 24.23170638779028
177 24.094804091814062
178 22.746100203393183
179 21.078564784861417
180 22.146326790885464
181 22.02397139425074
182 21.902960562414197
183 21.783272253329965
184 21.664884904127085
185 23.061687268598703
186 24.207985666807588
187 24.07853119800113
188 25.33717873995299
189 25.203119593180748
190 23.933763763495048
191 25.16156707498331
192 26.313051420630476
193 26.176714366637572
194 26.04178284928377
195 25.90823524492847
196 25.776050371229854
197 24.545435852720452
198 24.42146900497944
199 24.298748055205674
200 23.339385391872113
201 23.223269046638922
202 23.108302368190213
203 22.994468366376466
204 22.881750384188347
205 21.509428693252048
206 21.405013990857622
207 21.301608126167487
208 22.237535433479675
209 22.131135742410397
210 22.02574938173225
211 21.921361943904135
212 21.817959293225343
213 21.71552755945433
214 21.614053131606415
215 21.513522651924525
216 22.35040195332137
217 22.24740470929685
218 23.41022734693215
219 22.221207501075014
220 22.120202012433765
221 21.021939016925202
222 20.927245597930046
223 20.83340144726668
224 19.68560416698669
225 19.598112592911193
226 19.51139528055318
227 19.425441997378936
228 19.34024269037289
229 20.478815090551944
230 19.257380879935187
231 19.174015594740663
232 19.091368975797813
233 17.904510847321504
234 18.64449913997409
235 19.673463200447827
236 18.707209224751132
237 19.728293865511468
238 18.941310342498788
239 18.862057997969504
240 18.78346608964463
241 18.705526396326604
242 19.553201034299892
243 20.456511046054498
244 20.372672886029687
245 19.526012699736988
246 19.446638664372205
247 19.367907333747215
248 19.289810933207914
249 18.39307542395107
250 18.319503122255266
251 17.207854627405844
252 17.139569489995502
253 17.85459785347363
254 17.784304161137122
255 17.71456179187776
256 16.683463654256208
257 17.644799460037795
258 18.284732964968516
259 18.214135540393347
260 18.90578019389169
261 18.83334425445149
262 19.747889491105312
263 19.672802458819742
264 19.59828426768785
265 20.156682382192823
266 19.362628044936358
267 19.29010883877555
268 20.041249925179216
269 19.96674713735327
270 19.015073559452777
271 19.81676402357085
272 19.743908273484195
273 20.46519435957078
274 21.135019675308644
275 20.322603415567002
276 21.20457501819221
277 21.128024205852164
278 21.888671277790003
279 21.810217258873195
280 21.73232362580579
281 22.35975929066044
282 22.28046936409781
283 23.191398173169468
284 23.10973832044704
285 23.028651519322665
286 23.70328731137784
287 24.346699115393847
288 25.23463877933823
289 26.113522212741234
290 24.983415501493248
291 24.89756183997609
292 24.812296217236444
293 24.72761261239946
294 24.643505086506945
295 25.242843144513447
296 25.15756326902523
297 24.267950147275414
298 24.92372693619897
299 24.840369989924056
300 24.757568756624313
301 25.392840913735533
302 25.30875865905429
303 25.890077053573666
304 26.672500371621528
305 26.585049550730968
306 25.723709130971127
307 25.639918547482623
308 25.556672058692094
309 24.567578225714527
310 24.48832797337351
311 25.310144675489276
312 25.97449648808249
313 26.942402176795714
314 27.45232787927624
315 27.365177632040442
316 27.27857896864791
317 28.014937612547918
318 27.926840324458144
319 27.839295370462978
320 28.34936560783036
321 28.26104982712061
322 28.858363088511407
323 29.395270483759496
324 29.304544340291102
325 28.355201277604646
326 28.268222132581318
327 28.181774970096363
328 28.66615697554022
329 29.49304200564947
330 29.403669151086895
331 28.54128093693184
332 29.175366036190088
333 29.087752324369696
334 29.47455771821946
335 28.486223444286942
336 28.40144301736942
337 28.31716573838613
338 29.01605423518386
339 29.532223192813834
340 28.788980359183082
341 28.704555196839436
342 29.17928389897741
343 28.47241798128596
344 28.389649324363617
345 28.94414145167414
346 28.161506919491988
347 28.080349839032355
348 27.999659178575367
349 28.566423121346926
350 29.101874735420513
351 29.018963411387976
352 28.936523174423805
353 28.063524663921736
354 27.314799682114668
355 27.23785658441857
356 27.161345751316272
357 27.08526355033219
358 27.591624476347945
359 27.51476758365617
360 26.727096479995357
361 26.653060201657418
362 27.423173433483775
363 28.074202613391872
364 27.16845638629691
365 27.094022259211165
366 27.019994875989276
367 26.281216077946528
368 26.909382814036842
369 26.836457657359237
370 26.763926690717724
371 26.6917867265918
372 27.270162049056207
373 26.56361150915136
374 27.229865862639706
375 27.157252887006
376 27.85230219317549
377 27.7784234075172
378 26.907005821652934
379 26.836011083337226
380 26.26259586646522
381 26.82111276416654
382 26.750900427087572
383 25.98865628856548
384 25.92097749614734
385 25.853650281871634
386 25.227152514179988
387 24.60389246105006
388 25.16963455265998
389 24.483215423518562
390 24.42043794807364
391 23.68140491583811
392 23.620993168603828
393 23.56088886028677
394 23.501089649981473
395 23.44159322048785
396 23.382397278011872
397 22.779483209182867
398 23.365582069798577
399 22.541522841245705
400 22.99676931751122
401 22.939420765597227
402 22.88235752986191
403 23.418772359541332
404 24.116829977767217
405 24.05728224942705
406 23.998027859650136
407 23.29103819478583
408 23.995441963934027
409 23.936773401675023
410 24.508742725714235
411 24.904242312161845
412 25.52358473939295
413 25.46178429208207
414 25.40028239765675
415 25.89952969357703
416 25.8372712087367
417 25.30039107286452
418 25.970567290687327
419 25.908585029850364
420 25.846897922636437
421 26.46220415581568
422 27.06317836950184
423 26.41705605316912
424 25.87210989892237
425 25.811234346219024
426 25.750644594232593
427 25.690338634995516
428 25.630314479306275
429 25.073423942363394
430 25.01511365412534
431 24.296074360052895
432 23.53281018300926
433 22.867511596775937
434 22.814821477889357
435 23.404286143532847
436 22.790717083557546
437 22.738564412885786
438 22.17559328686125
439 22.617048628000752
440 23.2002643152844
441 23.147656006179446
442 23.095285743722027
443 22.630629018042825
444 23.009978437659907
445 22.409704724304042
446 21.67462904079036
447 22.250819917729995
448 21.57786730400112
449 20.897215086198525
450 21.463538474259845
451 21.415947479860154
452 20.823773787561258
453 20.77780519200373
454 21.190987284232733
455 21.144413685805848
456 21.098044357547504
457 21.05187795851567
458 20.39439935526263
459 19.81348222934868
460 19.770409441893577
461 19.162004499319078
462 19.726747611509676
463 19.68414124517812
464 20.07587419981874
465 20.032700276808377
466 20.539168365772813
467 19.92871730362765
468 20.34761852316499
469 20.809532170014915
470 20.765256569653182
471 21.36964891265349
472 21.324374232753797
473 20.860598081204717
474 20.816588380611456
475 20.772763984020695
476 20.729123723550064
477 20.685666441110758
478 20.642390988305085
479 20.10603278303628
480 20.06414521473829
481 19.5656970266692
482 19.525104294248724
483 19.93952319477097
484 19.898325832798303
485 19.353975008389032
486 19.31415201454461
487 18.846643540050735
488 18.808023368862106
489 18.76956115338386
490 18.73125592654022
491 18.693106729133827
492 18.655112609765666
493 18.617272624756
494 18.579585838066212
495 19.020809137172705
496 19.458817968217623
497 19.419665416973725
498 19.380670104891447
499 19.341831086645172
500 19.30314742447188
501 18.833531385606463
502 19.286545389697366
503 19.677575096769743
504 19.638532289038057
505 19.59964410628749
506 19.560909631769132
507 20.073081311061117
508 20.033567371472415
509 20.451159400614063
510 20.41105908806384
511 20.770327721691398
512 21.151585847326967
513 21.110354685831204
514 21.069283956870443
515 20.513443396513658
516 20.974549506709856
517 20.933979778457033
518 20.361244798742266
519 20.322013113195556
520 20.282932318747104
521 20.603040073904367
522 20.1776544948386
523 20.570814381475333
524 21.124472705188644
525 20.615194544913543
526 20.576002159847167
527 20.53695851248503
528 20.915858060747286
529 21.414865554188403
530 21.83907630114133
531 21.797948097184378
532 21.294105034145986
533 21.743279825986146
534 21.702562073503024
535 21.661996536917037
536 21.621582364273536
537 21.581318709963902
538 21.54120473466657
539 21.069722146653138
540 21.030704142677855
541 20.991830382709875
542 20.575535283576734
543 20.977896238654253
544 20.93933392939202
545 20.900913133191303
546 20.3781248716726
547 19.836770457439577
548 19.80057197120337
549 19.76450535559098
550 20.176290912106705
551 20.69400009397729
552 20.265252832852145
553 20.228606806029628
554 20.52196246835117
555 20.484985959399186
556 19.979705313156916
557 19.9438351061315
558 19.908093466156355
559 19.872479703247308
560 19.836993132348653
561 19.801633073289207
562 19.76639885073887
563 19.731289794165622
564 20.166497799188154
565 19.59021364357402
566 19.977965092773836
567 20.36926922256321
568 20.33340783308687
569 20.29767249418865
570 19.84754817518928
571 19.812788896423626
572 19.778151153597708
573 19.743634310397713
574 20.241352804844404
575 20.206150452140328
576 20.171070329827582
577 19.79288520715897
578 19.307596012881966
579 19.274249560355397
580 19.241018095596164
581 18.867037435448903
582 18.41151578789789
583 18.379935143321738
584 17.876300426100652
585 17.845742647594495
586 17.815289161847748
587 17.784939435848006
588 18.07282061496337
589 18.042136708995688
590 18.011556816268577
591 17.981080408796043
592 18.424961089912852
593 18.83999737417273
594 18.80828020687614
595 18.7766696519066
596 18.274093958480673
597 18.580918310641383
598 18.985806857086715
599 18.954111019261862
600 18.92252083422976
601 18.891035774605417
602 18.859655316508068
603 18.8283789395321
604 19.15031163312425
605 19.54915583431132
606 19.516896501251402
607 19.484743459239454
608 18.95661489425851
609 18.925487447798314
610 18.89446205853963
611 18.863538225383262
612 18.832715450505187
613 18.346476190336652
614 18.316595935954997
615 18.71072223375824
616 18.17598441193842
617 17.82555048995803
618 17.79670655712638
619 17.767955819554288
620 17.73929782629694
621 17.710732129314177
622 17.302397850431916
623 16.894231691930774
624 17.19510650227616
625 17.62918759908329
626 17.926900288017258
627 18.276275437311934
628 18.247173087889465
629 18.625232955371732
630 18.595669093537808
631 18.089635811485476
632 18.061012970011607
633 18.03248056405582
634 18.004038165689803
635 18.34889026132774
636 18.320039804942002
637 18.738518270069406
638 18.276948900188746
639 18.248346476244787
640 18.219833434875657
641 17.720867354557324
642 18.03073362000992
643 17.56842773408019
644 17.541147566791242
645 17.513951989168312
646 17.486840608380124
647 17.771170425366282
648 18.065292809067834
649 17.66277382608813
650 17.63560032789415
651 17.608510312029487
652 17.185116590296694
653 17.158799413282456
654 17.132562716931872
655 16.715494942197264
656 16.31463814893288
657 15.850695332866414
658 16.200841026037196
659 16.564795485381957
660 16.539697310404108
661 16.84141408912831
662 16.815973886576757
663 17.162023038239898
664 16.837920977263693
665 16.453115781973565
666 16.428411403922556
667 16.04537400468029
668 16.021353983715198
669 15.603165463948624
670 15.579877157286015
671 15.556658264354143
672 15.92598878143118
673 15.902324607907508
674 15.562297826784219
675 15.185083261276882
676 15.57052358147291
677 15.891081021093441
678 16.159739818186168
679 16.1359404959208
680 15.754608925860973
681 15.731474404677623
682 15.353792760853533
683 15.331312830017731
684 15.308898629973845
685 15.286549872849795
686 15.264266272452055
687 15.242047544253435
688 15.219893405380974
689 14.9042194646567
690 14.88261914659198
691 14.861081347537578
692 14.83960579645732
693 14.4376052603295
694 14.416801794536518
695 14.396058194832149
696 14.754320705673083
697 14.733152383283308
698 14.712044715112416
699 14.690997440841869
700 14.670010301640666
701 14.388387400023255
702 14.699212931083867
703 14.67830366660153
704 14.29034557011807
705 14.270075576401592
706 14.249863004763629
707 14.229707611546141
708 14.551201536788804
709 14.530677980319426
710 14.510212236685174
711 14.22671113261715
712 13.896904066426735
713 13.574503796982794
714 13.817479383759682
715 13.52117277560063
716 13.502288456081637
717 13.483456812488775
718 13.464677624727647
719 13.445950673928305
720 13.851489700940624
721 13.477150839033305
722 13.458484425128827
723 13.439869647224086
724 13.421306291357753
725 13.402794144748984
726 13.384332995789276
727 13.365922634034407
728 13.672113934448442
729 13.302129100883716
730 13.283907006224972
731 12.909094179834856
732 12.89145880527224
733 13.234773974236424
734 13.216742947023567
735 13.198760983830338
736 12.905991673045726
737 12.53474301530082
738 12.164500451479341
739 12.521169246150942
740 12.504248747169658
741 12.779755847072428
742 12.76253245644295
743 12.74535542756483
744 12.728224573495522
745 12.7111397082962
746 12.398395660436611
747 12.655747357474114
748 12.932530359999543
749 12.91526396432531
750 12.579300233851985
751 12.909693001962635
752 12.570920263019397
753 12.55422581379892
754 12.197990992117177
755 11.93978485340952
756 12.268503462533717
757 11.88231875210583
758 11.605374076377508
759 11.222189194810731
760 11.207423156396505
761 11.192695924916352
762 11.524131712075416
763 11.509028000788293
764 11.493963828012392
765 11.819397931964405
766 11.512622816855258
767 11.203218777712227
768 11.18863125326208
769 11.549238744488962
770 11.268473352161767
771 11.65001106522355
772 11.370675130072037
773 11.355965330421231
774 11.341293540588646
775 11.3266596134395
776 11.312063402597438
777 11.01954531836359
778 11.312653272826708
779 10.999558839607968
780 11.34344652190694
781 11.531586480099365
782 11.516840205828139
783 11.145513524808171
784 11.13129730857755
785 11.117117312006114
786 11.102973396850889
787 11.396168356554194
788 11.086543891375099
789 11.0724925049475
790 11.058476691650098
791 10.785785680222661
792 10.437333167208651
793 10.706444712755502
794 10.69296052545984
795 10.468725625916488
796 10.868801318666996
797 10.53214463575878
798 10.136197023279385
799 10.505781320024715
800 10.740201275187138
801 10.726792784206879
802 10.713417730859987
803 10.700075990223798
804 11.011026479147587
805 11.299422132148349
806 10.996832389795097
807 10.733579521656038
808 10.720295388584681
809 10.45700769125189
810 10.72286357707238
811 10.70964179707599
812 10.371641295182888
813 10.684273320226966
814 10.914442204907232
815 11.178105803681392
816 10.845226932167932
817 11.108329806431925
818 11.094749941142888
819 11.081203237918048
820 10.826175251713318
821 10.812988680152156
822 10.799834192706715
823 10.786711672423962
824 10.773621002918592
825 10.7605620683696
826 10.747534753516852
827 10.734538943657704
828 11.090456227690481
829 10.762597692934582
830 11.111933517258134
831 10.813381107615488
832 10.800384255322681
833 10.544586132862937
834 10.53194274421442
835 10.756505382185376
836 10.402860253628816
837 10.390431507806081
838 10.722299479761842
839 10.709519623409326
840 10.33878051447493
841 10.326487077477934
842 10.314222841043874
843 10.635034490852775
844 10.622433739086361
845 10.609862811584485
846 10.986126540004978
847 10.973155906545704
848 11.271237993613601
849 11.257962094916767
850 11.24471743362863
851 10.872591972340231
852 10.859830714156733
853 11.124090220160596
854 11.111064353392258
855 11.098068956487706
856 11.407233291484557
857 11.122524839330465
858 10.860988416593262
859 10.848344658250314
860 10.605449204636113
861 10.309610327504481
862 10.023551395180867
863 10.01193661952017
864 10.000348729914244
865 9.988787633116655
866 9.97725323631167
867 9.965745447111772
868 9.626048940731346
869 9.614971784297824
870 9.603920092591734
871 9.592893777904488
872 9.581892752929827
873 9.570916930761522
874 9.559966224891085
875 9.729932839342856
876 10.016144164128198
877 9.732137689721359
878 9.978228962518772
879 9.720398201725096
880 9.480433848997652
881 9.749180872369097
882 9.738127379316524
883 10.005973850505566
884 10.239739728248345
885 9.933874425333599
886 9.922662377449475
887 10.232660302718527
888 9.993344861213615
889 9.982103753383228
890 10.210523553513346
891 10.441459540599306
892 10.778058550091068
893 10.765989055634078
894 11.067227683459294
895 11.054862065935875
896 10.772605069563904
897 10.501300147296192
898 10.489606049136619
899 10.718176551915224
900 10.706267466857541
901 10.918890312902809
902 10.90678511299937
903 11.183135354680767
904 11.170764629730899
905 11.422573214549615
906 11.149178333147848
907 11.359906308253136
908 11.553407592886867
909 11.540697573532755
910 11.305730376469924
911 11.29332013456381
912 11.280937108100472
913 10.928287915203045
914 10.609905409462804
915 10.903481415608535
916 11.202594232939855
917 11.190377663438285
918 11.178187709556545
919 11.16602428441013
920 10.891009685532127
921 10.879184485004949
922 10.563617774791952
923 10.552172901796512
924 10.540752801253442
925 10.529357392819655
926 10.517986596499115
927 10.304850610142934
928 10.531457365945535
929 10.303276860494114
930 9.991043958137263
931 9.652241494033145
932 9.64188501174341
933 9.45194324365847
934 9.192799931615394
935 8.951979302761151
936 9.19090657936565
937 9.181097714286285
938 9.171309763631395
939 9.399926887190746
940 9.38992696497033
941 9.379948296569724
942 9.073566237833656
943 8.784255175290754
944 8.774949820232184
945 8.765664159046754
946 8.756398129280319
947 8.747151668742536
948 8.737924715505466
949 8.728717207902195
950 8.719529084525455
951 8.393202109621459
952 8.384385720850847
953 8.375587834470103
954 8.366808392295605
955 8.635054119273326
956 8.392579857389523
957 8.160951533746283
958 8.152432795193313
959 8.14393182251845
960 7.8821469694275335
961 7.873944943444778
962 7.614359338843119
963 7.606452423641828
964 7.598561912828922
965 7.590687755406301
966 7.292189689789994
967 7.537091069640984
968 7.529304818535983
969 7.521534638124697
970 7.786503651545207
971 7.778484595261432
972 7.977733306787321
973 7.969534197530602
974 7.731533865925475
975 7.72360408760145
976 8.028635282309644
977 7.81337623723702
978 7.805387099980132
979 7.512192679006908
980 7.5045271762732275
981 7.717034781646142
982 7.709176294088458
983 7.701333795315224
984 7.4922453001472595
985 7.484638959741019
986 7.477048048017143
987 7.469472518079942
988 7.257176036023543
989 7.249838143166087
990 7.445998137161299
991 7.438484516437624
992 7.430986044142828
993 7.423502674511264
994 7.416034361961454
995 7.148838150283349
996 7.141660601939691
997 6.917873090757101
998 7.175216670566086
999 6.930811930259433
1000 6.923881118329174
