0 690.1192910671234
0 701.2392888069153
0 651.0582084655762
1 663.2033467292786
1 597.7096989154816
1 717.5337851047516
2 715.6504082679749
3 662.8992705345154
0 619.1974229812622
3 675.7962694168091
2 629.1976618766785
4 617.0965030193329
2 668.2489256858826
4 662.5487704277039
6 631.2303416728973
6 669.2380220890045
10 648.5371763706207
4 650.7666668891907
9 615.6240530014038
4 705.9634528160095
7 639.5271241664886
5 639.2074670791626
4 680.1154360771179
9 659.9269404411316
8 738.8320045471191
6 637.394962310791
7 675.3129465579987
11 675.8219294548035
8 657.8828434944153
11 648.3268253803253
9 602.2870543003082
9 621.4658434391022
11 627.7207796573639
17 644.2599532604218
9 624.09028673172
9 631.6362872123718
14 651.3589127063751
10 618.0019507408142
10 659.986380815506
15 649.0260751247406
10 617.4310703277588
13 664.7893555164337
14 629.4974222183228
10 652.7587487697601
18 672.6089448928833
18 607.493054151535
14 624.6459217071533
14 643.3210582733154
15 644.9291770458221
15 615.0590360164642
16 733.7849407196045
18 578.1348528862
18 630.2559638023376
21 608.5860276222229
12 658.003039598465
21 647.9130926132202
17 599.7289235591888
10 629.8495893478394
20 619.7820382118225
16 633.6109459400177
14 633.14870429039
24 587.3396809101105
17 667.4217119216919
28 581.8969359397888
21 687.3004846572876
24 638.984010219574
19 576.917023897171
20 587.3304398059845
22 686.5896518230438
18 634.5760741233826
26 574.2969608306885
27 579.8922853469849
32 597.8500339984894
21 602.1125948429108
28 635.0443730354309
23 626.0143713951111
24 666.6242964267731
28 547.0716211795807
29 596.4300000667572
27 631.9971544742584
29 617.7483148574829
26 614.4510478973389
30 626.9578132629395
27 612.3676550388336
28 611.6489834785461
32 632.1831390857697
27 555.5469145774841
31 608.810284614563
31 612.0665695667267
29 599.8080794811249
30 597.926070690155
28 574.3824436664581
29 650.4377131462097
24 554.1649904251099
29 630.6006939411163
26 647.2821044921875
27 626.6999015808105
30 643.192057132721
33 600.0333306789398
35 673.3642172813416
37 562.7693362236023
37 630.34095454216
33 585.1416964530945
37 613.5777447223663
39 616.7699618339539
36 563.9791231155396
32 578.645533323288
24 635.3024523258209
32 601.3757891654968
39 609.8961961269379
35 588.2954204082489
36 575.4166014194489
34 596.0913145542145
37 572.5807282924652
41 598.1226749420166
32 612.5866091251373
35 630.0987114906311
28 647.4032044410706
35 609.3020503520966
37 576.6789751052856
36 580.7969002723694
38 561.5210545063019
47 566.6465356349945
45 576.5966250896454
38 654.6980073451996
42 550.6724488735199
44 582.7360322475433
43 587.1703176498413
42 557.4006402492523
45 640.0114543437958
41 585.5355100631714
42 603.0653524398804
43 573.2402896881104
39 613.977433681488
43 584.15185546875
49 575.9322545528412
44 605.9614994525909
45 568.5372495651245
50 583.678694486618
50 520.3336074352264
49 574.8844525814056
45 577.2067081928253
46 573.014288187027
43 534.8502645492554
45 556.750289440155
47 560.7731440067291
44 601.9134423732758
52 551.7084286212921
43 622.9275736808777
44 571.8457651138306
49 567.0199160575867
56 575.2222487926483
56 598.3387942314148
50 547.1212809085846
47 582.4659507274628
50 565.1185727119446
50 550.3325412273407
51 545.1757917404175
50 569.0594685077667
54 572.2548563480377
50 567.2602462768555
56 562.6394865512848
53 638.9289035797119
55 613.0324182510376
51 569.3010294437408
52 550.6028652191162
57 543.1150035858154
54 601.1892495155334
59 603.7703263759613
54 573.9416031837463
54 627.9332089424133
59 546.8303453922272
57 587.1631219387054
58 654.101648569107
57 573.6581239700317
56 568.4252648353577
59 550.4217426776886
55 604.4142415523529
60 603.8082718849182
59 582.904571056366
60 521.7160034179688
60 503.13685131073
60 570.8964731693268
