0 3.435711546240099
0 5.443888441280515
0 1.9997883427918688
1 2.908494530682965
1 4.89029930161532
1 3.260383990566724
2 2.911853219987597
3 7.53698744895753
0 2.172435759511783
3 3.074429297437705
2 6.040830229073256
4 1.2186812571904837
2 2.2236722449839155
4 6.0930259661396695
6 2.0672271358687118
6 3.159634621386884
10 3.4730425484112324
4 2.732439653960283
9 5.788916684524807
4 3.92444628808294
7 9.703252545286354
5 2.520086300244655
4 5.42849572448697
9 4.312788568253033
8 2.479430188125988
6 2.830612793751998
7 4.068319143212929
11 1.2916565958494068
8 4.505967155119205
11 4.320359349384067
9 5.933569668022249
9 3.6347393214384405
11 2.2700020574811215
17 5.191577101071726
9 3.171281431690301
9 3.4188051984139323
14 6.17108571114215
10 7.82883510220625
10 1.8811070625380601
15 2.0704816194623232
10 8.634922767028142
13 2.0202960259099263
14 2.6657783853434465
10 5.942738848895405
18 3.2593643533244223
18 4.768025337264551
14 3.9624780478202974
14 6.338844702139721
15 5.976704687121173
15 3.725113394809048
16 1.9426987433795
18 2.327484684963942
18 4.2139132650033755
21 2.9323255325150845
12 6.747934811663228
21 2.9154616148243306
17 10.594821388062018
10 2.5321877985750736
20 3.007025061791702
16 3.9939926224091815
14 3.7047083407480237
24 3.8824151876216098
17 4.709404999252501
28 3.3571205167571088
21 3.2051069468204822
24 7.637700809309407
19 2.3019780899828537
20 7.12141761162095
22 5.363986717707897
18 6.235328191292775
26 5.346780168397484
27 6.82450362915371
32 5.46171684510761
21 3.6328649136281217
28 2.5004134358942447
23 1.8293431016099622
24 2.9872599894488086
28 2.9204825767339075
29 4.452894828888946
27 5.9947212561475105
29 4.101118273869621
26 4.2330748256860815
30 5.8111747246627985
27 4.220043670106259
28 5.0828421663139345
32 4.573601400371027
27 2.637123930256139
31 4.437860406783005
31 5.748992885590342
29 4.6501453313862315
30 5.8608703061458565
28 2.702960479436782
29 8.75635167537863
24 5.47713735146067
29 3.3149553364852196
26 4.576207826158515
27 2.8854845647739613
30 9.014563708661525
33 4.525408962502742
35 3.735094896701912
37 4.520084428699229
37 11.394468283131546
33 8.088390408780942
37 5.492119909297613
39 6.312006393218392
36 3.8562111603724802
32 3.7832513152025444
24 6.6213847462874735
32 6.519784392950221
39 3.929206337335615
35 2.072757417402199
36 6.701740151235674
34 3.4678807219016594
37 2.0871580818541875
41 5.445461430801771
32 5.359916108545737
35 3.3503364135354388
28 2.4481126780744282
35 1.753883291697184
37 5.861710399544315
36 3.3097133834863612
38 2.521969744182201
47 4.855823346634451
45 2.1623263486057933
38 5.511444930745554
42 5.086699771340324
44 1.7688389818400825
43 5.013631749198447
42 3.3405658596048737
45 5.534909654903521
41 7.083150213982229
42 8.207599587860425
43 6.397901459734404
39 2.355950613039617
43 4.673548373366038
49 0.5783556545051979
44 7.650310967199502
45 3.0336020650564963
50 4.692885335374409
50 3.2567593636638033
49 3.0844894033848216
45 2.1207572660621463
46 2.7744875424833886
43 4.845771065222359
45 1.961486441155392
47 1.0575040979317727
44 4.275378650315385
52 1.9377219100278151
43 1.4120297209173183
44 5.605711319400681
49 3.7436476806427055
56 5.571364715408416
56 0.7991771649350122
50 2.0980092058332303
47 2.6588623519366976
50 5.02007148004059
50 1.7431401386981316
51 2.2085242443135162
50 4.225214164972238
54 3.9910412471036905
50 1.4181118711422183
56 3.617396697362552
53 6.192098829330642
55 3.2595250293686933
51 3.823071899167602
52 3.922062439916139
57 1.719128589564715
54 4.035435035607914
59 6.897707568635857
54 8.889412673841209
54 4.761128550797973
59 1.51311285217168
57 3.722183820486052
58 7.88285354160583
57 2.576985086202201
56 3.964144524357367
59 1.4581529362174641
55 8.232380177972841
60 4.039261642993981
59 3.2659035902561775
60 3.52448151158646
60 2.184412762970508
60 2.9317549876762548
