0 1.634248292248097e-13
0 1.6653345369375962e-13
0 1.5987211554600977e-13
1 0.4613770443491165
1 0.4613770443491178
1 0.46137704434912635
2 0.9227540886980921
3 1.384131133047061
0 1.5099033134900988e-13
3 1.3841311330470447
2 0.9227540886980827
4 1.8455081773960191
2 0.9227540886980851
4 1.845508177396015
6 2.3068852217449716
6 2.76826226609395
10 4.613770443489803
4 1.8455081773960105
9 3.69101635479186
4 1.8455081773960111
7 3.229639310442909
5 2.306885221744981
4 1.8455081773960114
9 3.6910163547918717
8 3.691016354791879
6 2.7682622660939398
7 3.2296393104429053
11 5.075147487838753
8 3.6910163547918815
11 4.152393399140843
9 3.691016354791875
9 3.6910163547918717
11 5.075147487838772
17 7.38203270958358
9 3.691016354791872
9 4.152393399140831
14 6.459278620885666
10 4.613770443489807
10 4.613770443489796
15 6.459278620885654
10 4.152393399140834
13 5.997901576536701
14 5.9979015765366945
10 4.1523933991408395
18 7.843409753932551
18 7.84340975393255
14 5.536524532187733
14 5.997901576536691
15 6.920655665234616
15 6.4592786208856685
16 6.459278620885663
18 7.843409753932549
18 7.382032709583589
21 8.766163842630474
12 5.536524532187732
21 8.340481919205581
17 6.4592786208856605
10 4.613770443489801
20 8.766163842630478
16 7.382032709583579
14 5.997901576536698
24 10.611672020026331
17 6.920655665234627
28 10.611672020026337
21 9.688917931328415
24 11.073049064375308
19 7.843409753932545
20 8.766163842630482
22 9.688917931328412
18 7.382032709583582
26 11.073049064375295
27 10.150294975677367
32 13.379934286120116
21 9.227540886979448
28 11.995803153073235
23 9.227540886979444
24 9.227540886979448
28 11.99580315307323
29 11.570121229648333
27 10.150294975677367
29 11.534426108724263
26 10.150294975677365
30 13.37993428612013
27 11.073049064375304
28 10.647367140950404
32 11.995803153073227
27 10.611672020026331
31 12.918557241771161
31 12.918557241771161
29 12.954252362695222
30 11.995803153073224
28 11.995803153073227
29 10.611672020026335
24 10.150294975677365
29 11.534426108724261
26 11.073049064375299
27 11.534426108724263
30 11.995803153073233
33 13.379934286120122
35 13.415629407044191
37 14.30268837481805
37 14.302688374818052
33 13.379934286120116
37 14.338383495742121
39 14.799760540091084
36 14.338383495742116
32 12.457180197422197
24 8.766163842630478
32 12.49287531834626
39 14.338383495742118
35 13.841311330469086
36 15.722514628789016
34 12.918557241771158
37 15.686819507864948
41 16.148196552213907
32 12.91855724177116
35 14.799760540091086
28 11.995803153073219
35 13.841311330469084
37 13.765855102158355
36 15.686819507864941
38 15.722514628789014
47 17.918248501299036
45 16.60957359656287
38 15.225442463515982
42 16.18389167313797
44 16.183891673137975
43 15.722514628789012
42 17.56802280618487
45 17.99370472960977
41 15.722514628789014
42 16.609573596562868
43 16.534117368252144
39 15.686819507864946
43 16.60957359656288
49 18.490776894882803
44 16.64526871748694
45 16.60957359656287
50 18.379625545647997
50 18.841002589996968
49 18.45508177395873
45 17.456871456950072
46 16.64526871748694
43 15.61136327955421
45 17.993704729609767
47 18.490776894882803
44 16.609573596562875
52 18.455081773958728
43 15.686819507864943
44 17.993704729609767
49 18.45508177395873
56 20.761966995703556
56 20.225133723043857
50 18.4907768948828
47 17.5323276852608
50 19.377835862656664
50 16.995494412601104
51 17.45687145695007
50 18.455081773958728
54 19.302379634345932
50 18.4907768948828
56 20.22513372304386
53 20.33628507227866
55 19.763756678694893
51 18.4907768948828
52 18.952153939231764
57 19.763756678694893
54 20.30058995135459
59 21.14788781174179
54 19.763756678694893
54 20.797662116627624
59 20.686510767392825
57 20.686510767392825
58 20.225133723043857
57 21.22334404005252
56 19.763756678694897
59 21.14788781174179
55 19.30237963434593
60 21.14788781174179
59 20.686510767392825
60 21.14788781174179
60 21.14788781174179
60 21.14788781174179
