0 1.6142642778048474e-13
0 1.6409096303958468e-13
0 1.6209256159525973e-13
1 0.46137704434912197
1 0.46137704434912113
1 0.46137704434912546
2 0.9227540886980932
3 1.3841311330470625
0 1.5432100042288484e-13
3 1.3841311330470514
2 0.9227540886980854
4 1.845508177396023
2 0.9227540886980905
4 1.845508177396018
6 2.7682622660939447
6 2.768262266093956
10 4.6137704434898135
4 1.8455081773960154
9 4.152393399140836
4 1.845508177396017
7 3.2296393104429137
5 2.306885221744988
4 1.8455081773960171
9 4.152393399140847
8 3.6910163547918846
6 2.768262266093948
7 3.229639310442911
11 5.075147487838764
8 3.6910163547918846
11 5.075147487838781
9 4.152393399140849
9 4.152393399140846
11 5.075147487838777
17 7.843409753932559
9 4.152393399140845
9 4.1523933991408395
14 6.459278620885672
10 4.613770443489814
10 4.6137704434898055
15 6.920655665234631
10 4.613770443489807
13 5.99790157653671
14 6.459278620885668
10 4.6137704434898135
18 8.30478679828153
18 8.30478679828153
14 6.459278620885674
14 6.459278620885666
15 6.920655665234628
15 6.920655665234642
16 7.382032709583602
18 8.304786798281528
18 8.304786798281532
21 9.688917931328417
12 5.536524532187739
21 9.688917931328422
17 7.843409753932569
10 4.613770443489811
20 9.227540886979456
16 7.382032709583593
14 6.459278620885672
24 11.073049064375313
17 7.8434097539325665
28 12.918557241771177
21 9.688917931328426
24 11.073049064375319
19 8.766163842630492
20 9.22754088697946
22 10.15029497567739
18 8.304786798281526
26 11.995803153073242
27 12.45718019742221
32 14.764065419167032
21 9.688917931328426
28 12.918557241771179
23 10.611672020026356
24 11.073049064375322
28 12.918557241771179
29 13.37993428612014
27 12.45718019742221
29 13.37993428612014
26 11.995803153073243
30 13.841311330469113
27 12.457180197422215
28 12.918557241771179
32 14.764065419167032
27 12.457180197422213
31 14.302688374818073
31 14.302688374818073
29 13.379934286120134
30 13.841311330469104
28 12.918557241771177
29 13.379934286120143
24 11.073049064375311
29 13.37993428612014
26 11.995803153073245
27 12.457180197422211
30 13.84131133046911
33 15.225442463516
35 16.148196552213935
37 17.07095064091186
37 17.07095064091186
33 15.225442463515996
37 17.070950640911864
39 17.993704729609792
36 16.609573596562893
32 14.76406541916704
24 11.073049064375319
32 14.764065419167036
39 17.99370472960979
35 16.14819655221393
36 16.609573596562896
34 15.68681950786497
37 17.070950640911864
41 18.91645881830772
32 14.764065419167036
35 16.148196552213932
28 12.918557241771166
35 16.148196552213932
37 17.07095064091186
36 16.60957359656289
38 17.532327685260825
47 21.68472108440151
45 20.761966995703578
38 17.532327685260828
42 19.37783586265668
44 20.300589951354617
43 19.839212907005653
42 19.377835862656685
45 20.761966995703585
41 18.91645881830772
42 19.377835862656685
43 19.839212907005653
39 17.99370472960979
43 19.839212907005656
49 22.60747517309944
44 20.300589951354613
45 20.761966995703578
50 23.068852217448402
50 23.068852217448406
49 22.60747517309944
45 20.76196699570358
46 21.223344040052545
43 19.83921290700565
45 20.761966995703578
47 21.68472108440151
44 20.300589951354617
52 23.991606306146338
43 19.839212907005653
44 20.300589951354617
49 22.60747517309944
56 25.837114483542194
56 25.837114483542194
50 23.068852217448406
47 21.68472108440151
50 23.068852217448406
50 23.068852217448406
51 23.53022926179737
50 23.068852217448402
54 24.914360394844266
50 23.068852217448402
56 25.837114483542198
53 24.452983350495302
55 25.375737439193234
51 23.530229261797373
52 23.991606306146334
57 26.298491527891162
54 24.914360394844266
59 27.22124561658909
54 24.914360394844266
54 24.914360394844266
59 27.22124561658909
57 26.298491527891162
58 26.759868572240126
57 26.29849152789116
56 25.837114483542198
59 27.22124561658909
55 25.37573743919323
60 27.682622660938055
59 27.22124561658909
60 27.682622660938055
60 27.682622660938055
60 27.682622660938055
