0 2.0761170560488272e-13
0 2.1138646388860746e-13
0 2.2115642650530672e-13
0 2.062794379753328e-13
0 2.1405099914770726e-13
0 2.251532293939564e-13
0 2.1338486533293232e-13
0 2.0738966099995773e-13
0 2.1138646388860746e-13
0 2.2204460492500665e-13
1 0.46137704434918075
0 2.1049828546890752e-13
2 0.9227540886981465
2 0.9227540886981525
1 0.4613770443491822
1 0.46137704434918103
2 0.9227540886981533
0 2.202682480856068e-13
1 0.461377044349184
1 0.4613770443491809
3 1.3841311330471155
0 2.1538326677725717e-13
1 0.46137704434918636
4 1.8455081773960724
0 2.1893598045605691e-13
1 0.461377044349185
2 0.9227540886981443
2 0.9227540886981384
1 0.46137704434918314
1 0.46137704434918736
3 1.3841311330471104
2 0.9227540886981498
2 0.9227540886981455
2 0.9227540886981429
2 0.9227540886981422
5 2.3068852217450395
5 2.3068852217450386
1 0.4613770443491731
3 1.3841311330471107
0 2.2382096176440652e-13
2 0.9227540886981437
1 0.46137704434918203
2 0.9227540886981417
6 2.7682622660940064
7 3.22963931044297
7 3.2296393104429746
4 1.8455081773960846
4 1.845508177396081
3 1.3841311330471227
6 2.7682622660940077
3 1.384131133047105
3 1.3841311330471058
4 1.8455081773960822
5 2.3068852217450364
8 3.6910163547919295
2 0.9227540886981419
8 3.229752319488464
6 2.7682622660940046
4 1.845508177396077
3 1.3841311330471138
8 3.691016354791934
7 3.2296393104429697
4 1.8455081773960722
10 4.6137704434898685
4 1.8455081773960758
6 2.7682622660940024
5 2.3068852217450373
2 0.9227540886981467
4 1.8455081773960784
9 3.8589260048801832
6 2.7682622660939944
8 3.2297523194884743
6 2.7682622660939997
13 4.15263873531216
9 4.140099370468597
5 2.306885221745036
7 3.2296393104429737
13 5.99790157653676
11 5.075147487838833
7 2.936171916182246
5 1.8456211864415795
6 2.7682622660940024
10 4.61377044348986
13 4.408614047414632
8 3.6910163547919295
9 4.152393399140893
8 3.6910163547919406
7 2.307007889830665
9 4.1523933991409
5 1.6412656516823334
9 4.152393399140904
11 5.075147487838827
7 2.5640197403802687
9 4.152393399140893
10 4.152506408186401
13 5.536637541233294
6 2.768262266094007
10 4.613770443489866
10 4.613770443489868
17 6.459482755645882
11 4.613883452535363
8 3.6910163547919352
14 4.871027630210728
11 4.61388345253536
9 4.1523933991409026
13 5.997901576536766
11 4.613883452535358
10 4.6137704434898685
15 6.459391629931217
10 4.613770443489865
12 4.409605191157892
6 2.7682622660940006
3 1.3841311330471013
14 5.536698875276108
12 4.152597533901049
14 4.320516843029445
5 2.306885221745055
14 5.998014585582254
12 4.320394174943813
6 2.7682622660940064
13 4.61400612062099
16 7.382032709583656
7 3.229639310442975
8 3.691016354791929
13 5.997901576536762
9 4.152393399140893
11 5.075147487838826
10 4.613770443489864
12 5.230763109254769
18 6.97354765815619
10 4.613770443489859
11 5.075147487838821
14 6.459278620885719
15 6.920655665234674
21 8.472751838420747
16 6.627301280019465
13 5.997901576536754
11 5.07514748783883
14 5.536647200273425
16 7.0885113470804155
19 7.088733714419354
18 7.382258727674651
19 5.998206496051715
9 3.6911293638374274
15 6.459391629931219
21 7.382307837426759
16 6.166037244715999
12 4.613893111575497
14 5.332359279855812
13 5.536637541233293
16 6.355143586641039
11 4.613883452535357
14 5.075383164969955
18 7.088656441037597
15 5.9979927022514214
15 5.536760209318928
25 9.227867689825295
17 7.177790183869921
17 7.843409753932617
11 5.075147487838826
14 4.6140157796611225
18 5.998259921753514
17 7.843409753932618
22 8.305083809455517
16 6.4593697466003785
15 6.459391629931213
15 6.459391629931214
16 5.536738325988079
12 5.074136547770768
17 6.627310939059605
19 6.459636966102476
25 8.100896673792708
21 5.793071983307316
20 6.850226503803831
17 6.459617648022212
17 7.382145718629143
14 5.793659050823019
18 8.304786798281585
15 5.075444499012769
14 5.536647200273427
23 8.766377636430843
16 6.459369746600384
24 6.4598288765719305
21 7.382359512429441
22 8.76636797739071
17 6.795156961865191
16 4.614138447746747
19 7.549997749722818
25 8.934400295564588
13 5.075270155924455
27 9.485033750831503
17 6.627274442334537
16 5.998105711296913
15 5.9980242446223855
12 4.6138931115755035
15 5.997992702251416
13 5.075270155924453
19 7.382236844343812
19 7.843584097020926
21 8.349374532956158
29 11.871440554352569
21 7.8438617901146035
16 7.382032709583651
30 9.857289538594118
20 7.843748781069115
15 5.075392824010086
22 8.305135484458212
23 9.227745021739668
13 5.075270155924452
17 7.382145718629152
22 6.459912908497035
26 7.896685690449942
25 8.349610258520123
19 6.920869459034976
20 8.766276851676043
26 8.766581771191
17 5.9857856060009995
20 7.088809890432884
17 7.382145718629152
19 6.459585291099798
30 10.769514928944846
22 8.305083809455528
24 8.72065531804071
30 11.534669694196461
22 8.766399519761672
17 6.627275203395842
25 8.100876541160993
20 6.459583540400677
21 6.459696549446179
24 9.39565047853514
25 9.689266617505103
20 6.627494941188045
21 9.22765389602501
24 7.843796140122095
14 6.459278620885729
25 8.562248119762604
28 10.779894620627529
24 9.383392185526576
19 8.304899807327077
25 9.465212579214086
27 9.71435892916807
23 8.305113601127369
28 9.396086575378193
28 9.228051691953752
22 7.639412564390145
17 6.920778333320325
21 6.459759634188109
29 9.359421819895925
12 5.143886593762907
27 9.228093707916294
40 12.919333515548441
19 7.843532422018248
23 7.513819084553936
25 10.407506767694425
30 8.766806974730546
20 8.305012816372574
23 8.304108605051205
24 9.227889573156132
24 9.90134017814842
24 9.404750873976317
25 7.843805799162233
26 10.150508769477737
30 8.012023870163679
24 8.766490645476342
25 9.227867689825299
24 7.843890767235002
26 9.857124592590669
25 9.023595372439722
31 8.305489513725272
23 7.451025432784936
29 8.819433835155975
18 6.255323447305797
32 11.498384300280899
26 7.639626358190442
24 9.227786223150773
23 7.843849565823909
28 10.824111291686773
33 10.894473554592231
30 9.27241012565967
33 12.872969311692874
24 8.766593995481696
31 10.15100200707082
31 12.66957826767153
29 9.972434565941878
30 11.20697472507527
23 8.305112659794839
32 10.600738462584873
26 9.757704769070493
30 11.073437201263973
29 9.228144568367524
28 9.85714161743109
29 8.934641438443062
35 11.534913279668611
24 8.349496211403967
32 12.048811870088537
36 10.31900649792197
39 8.730855530940453
36 10.151090567534911
32 11.241372449731283
24 8.766542320479017
29 8.766900665695776
27 8.305327394927668
34 12.376234734600757
26 8.011881122936463
27 9.395870216327326
30 12.918679909856856
23 9.689143949419472
34 11.534998247741388
27 11.534548776809963
28 11.534661785855464
35 10.122685364791854
36 9.689794989860482
26 8.73020525156076
35 12.918955037699968
44 12.732090491657788
30 9.68945852797455
33 10.806263341161541
37 9.1920311016435
31 11.07357034294118
35 9.68981687319131
26 8.562340996176387
33 11.612599856302163
29 10.318612895286009
24 8.473072632978454
32 9.22841956942955
29 9.396008823751895
30 10.137407935497523
29 9.857323772996732
31 10.318648152705212
32 7.550787875832936
35 10.780274183977486
31 12.253173348839661
29 9.023773430576265
34 8.47358415557978
30 9.90999470218134
33 11.798405183136387
29 9.689563628679048
25 10.150530652808568
35 12.253351406976206
42 12.715198864254889
28 9.227253395888313
39 12.253450441031886
36 8.900826224472693
34 11.0737858874406
30 8.305583204690505
32 12.828638099409599
31 11.702626064933316
39 12.45785312119411
31 10.612317717376968
32 9.785400785956737
34 9.589032973797162
37 11.870789178054423
36 12.457804011442
40 10.31918192651176
36 7.551064754375162
41 10.947303470424318
38 13.139619682046634
37 9.857767724690655
39 9.449167913518588
34 10.486628034815102
28 8.811125910293667
37 11.330866980374035
42 11.498876394431806
43 8.775663916273759
37 11.073834997192716
39 10.78048607772484
41 10.193622618593267
38 11.535367066549723
36 10.151132209923148
38 13.087106645218146
31 8.305624406101607
30 10.318737314070756
35 10.619231567388649
43 10.408579238094122
37 12.962258174704614
39 12.332249221256454
33 10.219457599236272
29 8.473413138803345
35 9.616933134847276
33 11.117974021997183
33 11.996304299007395
35 11.792087371672743
41 10.657292876311688
26 9.272291900728108
38 10.307709220829537
40 12.164347479509216
38 10.576089341554514
36 10.961843867249428
41 9.85705288049089
31 7.639869943662577
39 10.151314834926787
39 11.073926122907377
43 10.665662896278128
28 8.766684306644912
41 11.498909909958446
35 11.241575823430134
48 14.639450645474398
40 10.612723421646715
33 9.94572119221084
37 9.032359064804226
40 9.69012354340539
36 7.844563691006841
41 11.409736275436998
35 12.793320356452645
46 12.704984367517156
44 11.074356275758527
35 10.780125220747653
35 11.49853676003838
36 10.319093908588393
39 10.61264195497219
37 10.913841397537645
49 10.32768891165352
47 10.823208366402492
48 8.934790183931208
47 12.332670389727229
42 12.253919830945026
42 11.960250266273256
35 11.073898896486096
44 11.703430598203841
41 10.490879290227475
43 11.53537240964016
42 10.780694405777787
43 10.319324508708526
40 11.87095494760408
38 13.17611515471427
42 13.255144429139378
46 10.395552188598828
40 11.879020492812348
40 12.45806948024497
36 12.625546651327541
41 10.620823280711898
50 13.087768552857682
36 10.15111070016663
42 10.869760497001078
42 11.53438510360206
35 12.457846027404543
45 12.204189847710046
38 10.796228798761677
42 12.234113128199755
48 9.858437829649771
42 10.799067278412219
44 11.703551083419772
39 9.946871889501132
49 11.57806309302439
46 11.535742037815085
45 12.482564017543876
39 9.024431229560617
46 10.151744173226493
41 11.027408710569349
49 8.92432543686891
50 10.948916170965967
43 9.396807847840838
48 10.3197518453917
38 8.47373562569944
45 10.780658004916395
51 12.919976647648436
38 9.564146562199841
46 15.337773462067963
47 11.60436465771931
50 11.242354486310866
41 12.793650331805951
44 11.844710371900733
54 11.074959583572229
41 12.038932605220861
45 8.935634757980809
56 11.075050709286892
50 11.997188324547885
43 10.151508496095362
57 12.626821389349146
40 10.02572059402926
43 13.086194083807836
45 12.164789803160934
48 13.255347898701903
35 11.30348466379113
52 11.655085281949487
47 12.119181564678536
51 11.99733381729688
48 11.0745174532236
52 11.987064595760234
51 10.78129732610449
48 11.001464028172025
50 10.781099567506805
49 11.703817488370419
47 11.8178436312861
57 11.72939201537421
48 11.800808479507081
54 11.499833395434228
53 11.339996079139055
51 11.96083800832234
53 9.858733466343665
50 13.313964966064459
52 13.39145460981718
48 11.462772490884236
50 10.417016500377766
45 11.834777932400055
45 10.779618502815415
49 10.087979984449253
51 11.074703773809384
47 9.947319609733428
47 10.832571776731715
57 11.58894857202427
44 12.42182353704137
47 12.130528833307372
49 10.487494077214784
43 10.612761121659581
53 10.781112941595174
50 12.678981088805104
52 11.074691923093003
48 10.895196152121612
44 12.253864654544099
51 12.20938149897568
58 13.09718458892333
53 10.309706113962886
46 11.667232444739383
55 10.613652222584223
49 14.062902016318855
59 12.165673421748332
46 12.45829024105374
47 12.040269586196391
52 11.24246155136447
56 11.242843705697542
58 11.536407180027005
52 14.010522683740934
55 11.33188364988109
52 11.074660380722033
57 11.074946918304395
53 9.85867134032213
51 9.422268163760693
47 11.871373269351448
51 11.49957397301887
56 12.794663478585917
54 12.179088312063852
55 11.704003454847973
47 11.632666934051297
49 12.91975062955744
52 10.613332319344094
51 10.65779221805653
53 12.351458109794711
43 10.83322582453886
55 13.194106265390337
50 11.464730340206996
58 11.704233292657426
56 12.501074667832656
51 12.868240988984105
58 10.152594941484887
63 12.33372123546837
60 10.293070930615597
63 11.998027309492713
48 11.04715032728532
55 11.038330644689378
57 11.410766632663298
50 12.812558233416114
60 12.971602308140431
55 12.385757439505436
55 11.79314630805975
56 12.165442051760333
60 12.039971088891981
56 11.752295533211443
53 13.269466965993475
58 13.80646558196404
59 12.25487378928446
60 12.459117375282181
52 11.580504683336194
50 7.640909120992184
51 13.41811516694072
55 12.165386443188837
56 12.138966673699636
59 12.333313235903823
55 10.57705223514019
59 11.869242086828057
59 13.756585761836465
53 11.28703952025045
54 11.536160534133758
62 13.088432427532934
56 12.458904522814422
55 11.153396320306335
58 11.33216090199763
48 14.143774170325276
62 11.500170575779363
59 12.883891874212727
59 13.30031474700695
56 10.409286146830594
61 12.19085741830618
57 11.21534404729525
51 11.375874011927298
62 12.4592523944396
52 11.074618805736609
56 13.61765973662475
59 13.30943050007099
59 12.758342826137993
61 13.132748181654419
53 11.251729314884976
63 13.110299230563689
55 11.52481565709568
55 11.242775916269558
58 13.088039960781964
55 11.268968665673043
63 14.26808040338088
61 14.467844265817593
58 11.704198318054992
65 9.948553985280746
59 10.613763976101136
62 11.99791655150173
59 12.90880946873811
53 10.870465336718208
65 12.090766067049174
57 13.22174472870715
62 11.748791518476919
60 11.119429770795064
63 12.17373438905319
55 11.704122407885368
62 14.390929907342068
60 13.03868160022038
58 12.794757962413994
62 15.32155664886446
64 12.104215031842994
56 12.551306158205238
59 12.458056658139299
58 9.691266880106951
65 15.501103522657086
66 13.256552667766506
64 12.173827420520704
64 11.704637737274423
64 13.775804943369925
63 11.793875591173421
63 12.716258300997305
67 12.627402493747834
62 11.000039063249833
63 11.53676559264658
61 13.874129378942586
65 12.459644473703575
67 12.42307843395676
60 11.881192645651902
65 13.088656302252954
66 11.509316140233759
62 11.536557889085364
66 14.506669631899435
64 12.973461243340745
64 13.420090424037754
53 11.845665662454447
64 13.691333856658305
66 11.075579891008852
62 12.023134537478036
65 12.627238183273969
65 11.488071392244652
68 11.998273146019368
57 11.997650146551086
62 12.430742707055538
60 11.461211972838639
59 12.081572887849164
63 12.89417015316988
66 11.704665778247152
71 13.718085163127288
69 12.459681800142118
57 11.96118545519311
68 14.10053361188635
71 12.9211201785339
64 12.795095239134897
59 11.793490464636688
60 11.242921074942966
67 12.347767406739782
63 12.517384161998029
67 11.730842056769301
71 11.780823899793623
68 11.537062162843391
60 11.243077632129545
70 12.921225279238387
67 12.845588442056796
70 11.537162379839968
67 12.423096315533952
68 12.627432218016864
72 12.343235073970073
69 13.088845065432393
66 12.459507830628125
71 13.407570832281438
65 12.845446582671983
62 12.736343620661641
68 12.627490224498441
68 13.77057932285264
68 11.075848861210073
64 13.424157773163477
71 14.349414679595144
70 11.537048628830698
69 13.974838102289564
66 11.536887819755076
64 13.219860581192732
65 12.627299958293918
62 11.70449587788961
64 12.421754879682723
70 12.255528331123712
62 12.129403526194558
73 13.38261154165035
68 11.998282304704102
70 12.96537284791345
70 11.332860838540759
67 11.970801314939816
69 12.921060595190207
65 11.792755586352579
69 14.514996439281287
71 12.459939360604084
63 11.99790339106336
69 13.522670191081396
69 13.306943603074927
68 13.088821113082217
67 11.332628749676777
67 14.254972872395044
76 12.921435940029893
67 12.920935608647238
71 13.718214920878307
64 10.706581134726155
72 12.166470764304922
71 13.550342267870516
76 12.921457382383593
70 13.718038827090878
68 13.426557614466162
74 12.845934562982851
68 13.712725043852826
69 14.179220804873813
68 11.537072195457839
71 13.639433446079613
73 13.38255855692568
71 13.047262831536745
77 13.844160237055975
75 13.427060631632944
70 14.151741393948654
69 12.627525094430649
72 13.550372126945177
74 12.884871031675335
72 12.804434829655033
70 13.558164065452567
72 13.38253785653575
73 13.178282046247324
72 13.307233273666073
70 13.382343012426267
76 13.844121354102212
74 13.639648990579024
73 12.921264288973232
70 13.349173532569566
75 13.382681225011309
74 13.550530530694553
77 14.101158803030883
73 12.921191104214033
74 14.011913855342323
75 13.639724617931885
76 13.550649005487406
73 11.998559683601732
75 13.08927615443122
78 13.844275564558808
74 12.71704911233769
70 13.052320436622498
73 14.011800846296827
74 13.807528087934116
73 14.934381352967755
76 13.844141486733927
77 14.305466856080209
72 12.921296272321333
75 13.382744309753246
75 13.178373171961987
74 13.382619890968494
75 13.178404714332954
76 12.460142680812794
75 14.101087809947936
80 14.30571394295059
77 13.84420413049873
78 14.562567389750818
77 12.921551267532726
76 13.55058592074547
76 13.844089811731243
77 13.550647254788286
75 13.558533820408577
74 12.62783183204754
77 13.844151145774061
79 13.844336898601625
73 13.550379467527973
75 13.639710324621838
76 12.921435940029891
78 13.84424402218784
77 14.305498398451176
76 14.473281187161017
76 13.807625120373265
78 13.382896769510722
79 14.305652608907774
79 14.305652608907774
78 13.84424402218784
80 14.30571394295059
78 14.012087383879187
79 13.844336898601625
77 13.307488268877465
76 13.382774101425094
77 14.17983786915675
80 14.30571394295059
80 14.30571394295059
79 14.305621066536807
78 13.844244022187842
78 13.84424402218784
80 14.30571394295059
79 14.473464428228153
79 14.305652608907774
80 14.30571394295059
80 14.30571394295059
80 14.30571394295059
80 14.30571394295059
80 14.30571394295059
80 14.30571394295059
80 14.30571394295059
80 14.30571394295059
80 14.30571394295059
80 14.30571394295059
80 14.30571394295059
80 14.30571394295059
