0 2.0761170560488272e-13
0 2.1138646388860746e-13
0 2.2115642650530672e-13
0 2.062794379753328e-13
0 2.1405099914770726e-13
0 2.251532293939564e-13
0 2.1338486533293232e-13
0 2.0738966099995773e-13
0 2.1138646388860746e-13
0 2.2204460492500665e-13
1 0.46137704434918075
0 2.1049828546890752e-13
2 0.9227540886981465
2 0.9227540886981525
1 0.4613770443491822
1 0.46137704434918103
2 0.9227540886981533
0 2.202682480856068e-13
1 0.461377044349184
1 0.4613770443491809
3 1.3841311330471155
0 2.1538326677725717e-13
1 0.46137704434918636
4 1.8455081773960724
0 2.1893598045605691e-13
1 0.461377044349185
2 0.9227540886981443
2 0.9227540886981384
1 0.46137704434918314
1 0.46137704434918736
3 1.3841311330471104
2 0.9227540886981498
2 0.9227540886981455
2 0.9227540886981429
2 0.9227540886981422
5 2.3068852217450395
5 2.3068852217450386
1 0.4613770443491731
3 1.3841311330471107
0 2.2382096176440652e-13
2 0.9227540886981437
1 0.46137704434918203
2 0.9227540886981417
6 2.7682622660940064
7 3.22963931044297
7 3.2296393104429746
4 1.8455081773960846
4 1.845508177396081
3 1.3841311330471227
6 2.7682622660940077
3 1.384131133047105
3 1.3841311330471058
4 1.8455081773960822
5 2.3068852217450364
8 3.6910163547919295
2 0.9227540886981419
8 3.229752319488464
6 2.7682622660940046
4 1.845508177396077
3 1.3841311330471138
8 3.691016354791934
7 3.2296393104429697
4 1.8455081773960722
10 4.6137704434898685
4 1.8455081773960758
6 2.7682622660940024
5 2.3068852217450373
2 0.9227540886981467
4 1.8455081773960784
9 3.691129363837435
6 2.7682622660939944
8 3.2297523194884743
6 2.7682622660939997
13 4.15263873531216
9 3.6911293638374345
5 2.306885221745036
7 3.2296393104429737
13 5.99790157653676
11 5.075147487838833
7 2.7683752751394963
5 1.8456211864415795
6 2.7682622660940024
10 4.61377044348986
13 4.614057795623674
8 3.6910163547919295
9 4.152393399140893
8 3.6910163547919406
7 2.307007889830665
9 4.1523933991409
5 1.8456211864415646
9 4.152393399140904
11 5.075147487838827
7 2.768375275139497
9 4.152393399140893
10 4.152506408186401
13 5.536637541233294
6 2.768262266094007
10 4.613770443489866
10 4.613770443489868
17 6.459482755645882
11 4.613883452535363
8 3.6910163547919352
14 5.075383164969956
11 4.61388345253536
9 4.1523933991409026
13 5.997901576536766
11 4.613883452535358
10 4.6137704434898685
15 6.459391629931217
10 4.613770443489865
12 4.613996461580869
6 2.7682622660940006
3 1.3841311330471013
14 5.536698875276108
12 4.152597533901049
14 4.152720201986695
5 2.306885221745055
14 5.998014585582254
12 4.152597533901064
6 2.7682622660940064
13 4.61400612062099
16 7.382032709583656
7 3.229639310442975
8 3.691016354791929
13 5.997901576536762
9 4.152393399140893
11 5.075147487838826
10 4.613770443489864
12 4.613996461580859
18 7.38225872767465
10 4.613770443489859
11 5.075147487838821
14 6.459278620885719
15 6.920655665234674
21 8.304990933041744
16 6.459504638976714
13 5.997901576536754
11 5.07514748783883
14 5.536647200273425
16 6.920768674280194
19 6.920972809040351
18 7.382258727674651
19 5.998206496051715
9 3.6911293638374274
15 6.459391629931219
21 7.382307837426759
16 5.998240603673252
12 4.613893111575497
14 5.536750550278787
13 5.536637541233293
16 5.998240603673257
11 4.613883452535357
14 5.075383164969955
18 6.920859799994847
15 5.9979927022514214
15 5.536760209318928
25 9.227867689825295
17 7.382145718629152
17 7.843409753932617
11 5.075147487838826
14 4.6140157796611225
18 5.998259921753514
17 7.843409753932618
22 8.305083809455517
16 6.4593697466003785
15 6.459391629931213
15 6.459391629931214
16 5.536738325988079
12 5.075260496884326
17 6.459514298016854
19 6.459636966102476
25 8.305287944215683
21 5.998515731516358
20 6.921117360456817
17 6.459617648022212
17 7.382145718629143
14 5.99801458558225
18 8.304786798281585
15 5.075444499012769
14 5.536647200273427
23 8.766377636430843
16 6.459369746600384
24 6.4598288765719305
21 7.382359512429441
22 8.76636797739071
17 6.459617648022217
16 4.614138447746747
19 7.382236844343816
25 8.76660365452184
13 5.075270155924455
27 9.68938928559073
17 6.459514298016842
16 5.998105711296913
15 5.9980242446223855
12 4.6138931115755035
15 5.997992702251416
13 5.075270155924453
19 7.382236844343812
19 7.843584097020926
21 7.843758440109244
29 11.534723119898281
21 7.8438617901146035
16 7.382032709583651
30 9.689529394276423
20 7.843748781069115
15 5.075392824010086
22 8.305135484458212
23 9.227745021739668
13 5.075270155924452
17 7.382145718629152
22 6.459912908497035
26 8.305432495632148
25 7.843972233909526
19 6.920869459034976
20 8.766276851676043
26 8.766581771191
17 5.5368513350335835
20 6.921014010451444
17 7.382145718629152
19 6.459585291099798
30 10.612308058336847
22 8.305083809455528
24 7.844065924874761
30 11.534669694196461
22 8.766399519761672
17 6.459514298016838
25 8.305267811583967
20 6.459583540400677
21 6.459696549446179
24 9.227889573156137
25 9.689266617505103
20 6.459698300145296
21 9.22765389602501
24 7.843796140122095
14 6.459278620885729
25 8.766603654521834
28 10.612133715248524
24 8.766625537852667
19 8.304899807327077
25 9.2278676898253
27 9.689337610588048
23 8.305113601127369
28 9.228289934335445
28 9.228051691953752
22 7.843768099149374
17 6.920778333320325
21 6.459759634188109
29 9.228184833630964
12 5.075260496884308
27 9.228093707916294
40 12.919333515548441
19 7.843532422018248
23 7.382617072891412
25 10.611898038117399
30 8.766806974730546
20 8.305012816372574
23 8.305196818501017
24 9.227889573156132
24 9.22794124815882
24 9.227889573156135
25 7.843805799162233
26 10.150508769477737
30 7.8442272291209285
24 8.766490645476342
25 9.227867689825299
24 7.843890767235002
26 9.68932795154792
25 9.22795090719895
31 8.305489513725272
23 7.382565397888715
29 9.228216376001924
18 6.459678982065025
32 11.534978929661124
26 7.84398189294967
24 9.227786223150773
23 7.843849565823909
28 10.1507663299397
33 11.073807770771438
30 8.766847239993977
33 11.996304299007404
24 8.766593995481696
31 10.15100200707082
31 11.996233305924457
29 9.68958376131076
30 11.073488876266651
23 8.305112659794839
32 10.612347509048822
26 9.689244734174272
30 11.073437201263973
29 9.228144568367524
28 9.689398944630867
29 8.76688053306406
35 11.534913279668611
24 7.843879357495743
32 12.457558675270743
36 10.151245592542969
39 8.767450921381988
36 10.151090567534911
32 11.07361154435228
24 8.766542320479017
29 8.766900665695776
27 8.305327394927668
34 11.535204006419583
26 7.844085242955024
27 9.228073575284578
30 12.918679909856856
23 9.689143949419472
34 11.534998247741388
27 11.534548776809963
28 11.534661785855464
35 10.151339283508207
36 9.689794989860482
26 8.766799880940987
35 12.918955037699968
44 12.458294683784509
30 9.68945852797455
33 10.612357168088957
37 9.228643963602508
31 11.07357034294118
35 9.68981687319131
26 8.766696530935617
33 11.073776228400472
29 10.150816254243262
24 8.305329960178232
32 9.22841956942955
29 9.228247918372892
30 9.689561877979918
29 9.68956362867904
31 10.150887247326208
32 7.382991234790186
35 10.612531511177263
31 12.45752888359889
29 9.228164700999239
34 8.30578827559834
30 10.15090913065705
33 11.53509193870662
29 9.689563628679048
25 10.150530652808568
35 12.45774267739918
42 12.919590134677867
28 9.228341609338123
39 12.457841711454861
36 8.767361546366452
34 11.0737858874406
30 8.305583204690505
32 12.457610350273418
31 11.534865920615623
39 12.45785312119411
31 10.612317717376968
32 9.689850980812853
34 9.228523046215997
37 11.535285599875198
36 12.457804011442
40 10.151439253711537
36 7.383268113332412
41 10.612888105694903
38 13.38064131751358
37 9.689971083647904
39 9.690082341994296
34 10.151071249454658
28 8.305523621346815
37 11.535222515133265
42 11.535560727718304
43 8.767696257553254
37 11.073834997192716
39 10.612725172345836
41 9.690339902456254
38 11.535367066549723
36 10.151132209923148
38 12.919345739839143
31 8.305624406101607
30 10.150940673028009
35 10.151319150876484
43 10.612970508517098
37 12.457833803113846
39 11.996692435896009
33 10.15099756434005
29 8.305616497760596
35 9.690086657943981
33 10.61235716808896
33 11.996304299007395
35 11.996478642095717
41 10.151655612762402
26 8.766716663567337
38 10.151554828007606
40 11.99658733519152
38 10.61268397093474
36 10.998456729208433
41 9.69026809482185
31 7.844225478421806
39 10.151314834926787
39 11.073926122907377
43 11.074409701460334
28 8.766684306644912
41 11.535541036063726
35 11.07381567911244
48 14.303893860113954
40 10.612723421646715
33 10.151164940419882
37 9.228580878860573
40 9.69012354340539
36 7.844563691006841
41 11.074215225740302
35 12.457762810030893
46 12.919825002442417
44 11.074356275758527
35 10.612365076429958
35 11.535131389418606
36 10.151297267545644
39 10.61264195497219
37 10.612634046631179
49 10.151915824283154
47 11.074643627892337
48 8.768126410404403
47 11.997203308273054
42 12.458275365704255
42 11.996844895653481
35 11.073898896486096
44 11.535723661067365
41 9.690371444827223
43 11.53537240964016
42 10.61289776473504
43 10.151528628727085
40 11.535469602003635
38 13.380506425137245
42 12.919622618381371
46 10.187668275201013
40 11.535540468305504
40 12.45806948024497
36 12.457791660370212
41 10.612855621991395
50 12.920061615721206
36 10.15111070016663
42 11.074151767424054
42 11.535509052715618
35 12.457846027404543
45 12.032901324753764
38 10.151586370378574
42 11.535714811393818
48 9.690641188607021
42 11.074328234785806
44 11.535755203438331
39 10.151263159924108
49 11.074746163346251
46 11.535742037815085
45 12.919858295512505
39 9.228786764319848
46 10.151744173226493
41 11.074453468122007
49 8.768136069444541
50 10.613324411003084
43 9.229011967859396
48 10.151991701074007
38 8.30593898465669
45 10.612915332116172
51 12.919976647648436
38 9.228590537900704
46 14.30388689310548
47 11.536157315316762
50 11.074557845268115
41 12.45818248929047
44 11.074459625763895
54 11.074959583572229
41 11.535614153420106
45 8.767838116938059
56 11.075050709286892
50 11.997188324547885
43 10.151508496095362
57 12.459060483970145
40 9.690163808668816
43 12.91960073505054
45 11.99702889778193
48 12.91984432052268
35 10.612499968806302
52 11.110521397954617
47 11.997306590875612
51 11.99733381729688
48 11.0745174532236
52 11.997561586087
51 10.61350144612305
48 11.074653286932474
50 10.613356894706584
49 11.536021608388978
47 11.99721465060949
57 11.536574055751437
48 11.997232091209552
54 11.53639820357238
53 11.035328882797904
51 11.997396902038817
53 9.690972560964662
50 13.305997307343956
52 12.920184283806838
48 11.53605221461227
50 10.613440112080239
45 11.535816537481146
45 10.612967007118856
49 10.152177827475892
51 11.074703773809384
47 10.151710880156404
47 11.074718122373529
57 11.99773111287022
44 12.458418166421595
47 11.997099890864876
49 10.151991260096867
43 10.612761121659581
53 10.613406004458696
50 12.919966988608305
52 11.074691923093003
48 11.074466719553454
44 12.458220189303328
51 11.536037298289916
58 12.920342901206205
53 10.152371488644466
46 11.536031955199478
55 10.613652222584223
49 14.303923651785803
59 11.997877541766892
46 12.45829024105374
47 11.535721095816797
52 11.074700645985466
56 11.075083561379849
58 11.536407180027005
52 13.842761778361929
55 11.536274920304068
52 11.074660380722033
57 11.074946918304395
53 9.690928667521908
51 9.229450965199229
47 11.535815722929696
51 11.53613286673535
56 12.459070957561728
54 12.383443846823083
55 11.53624331053028
47 11.535886589231554
49 12.91975062955744
52 10.613332319344094
51 10.152154193445934
53 12.458979331491667
43 11.07421172434206
55 13.230737391495618
50 10.1522784854496
58 11.536437412675987
56 11.99772276355208
51 12.920246432401104
58 10.152594941484887
63 11.998164452923564
60 10.152769284573205
63 11.998027309492713
48 11.074644564040009
55 11.074966924155023
57 11.075215761724529
50 12.920133423355601
60 12.459284751362018
55 12.459029756150628
55 11.997537578482724
56 11.997735114623858
60 11.536653398152533
56 11.536293234833835
53 13.306098092098757
58 13.843149915250539
59 12.459265059707436
60 12.459117375282181
52 11.07488859048928
50 7.8452646557514125
51 12.920028322651126
55 11.997590563207396
56 11.536605971696726
59 11.997792947268431
55 10.613611889917978
59 12.033510349232222
59 13.417591062805016
53 10.61371649026706
54 11.536160534133758
62 12.920671522153933
56 12.458904522814422
55 11.07501081759778
58 11.536552172420608
48 13.842527416137655
62 11.536765966220896
59 12.920528153678372
59 12.459254959690172
56 10.613641681589822
61 11.998081108768828
57 11.075133485683406
51 11.074702396684579
62 12.4592523944396
52 11.074618805736609
56 12.920501427612493
59 12.459254959690174
59 12.45942823466487
61 12.459406919092249
53 11.074868016880435
63 13.30672284226616
55 11.536315118164678
55 11.074979275226807
58 12.920279816464271
55 11.07506249260046
63 14.304711529486163
61 13.417746582983602
58 11.536437412675989
65 10.152909520039977
59 10.613763976101136
62 11.99791655150173
59 12.920487452622671
53 11.074856607141182
65 11.922970187067735
57 12.92049873558084
62 11.075450255914749
60 10.613866885129369
63 11.99805979319621
55 11.536326527903928
62 13.382153599804568
60 12.920705188798337
58 12.459296034320188
62 14.304742068306652
64 12.308606302265972
56 12.383546013887544
59 12.459088524942871
58 9.691266880106951
65 15.227517225783965
66 12.92103161806981
64 11.998099617482506
64 11.53687759295673
64 13.306834541589664
63 11.998266861596397
63 12.920649571420281
67 12.459642349430139
62 11.000039063249833
63 11.53676559264658
61 12.956327522672085
65 12.459644473703575
67 12.459673824398294
60 11.536633198118002
65 12.92089615793526
66 11.536854900259309
62 11.536557889085364
66 13.84377773102391
64 13.382243784186695
64 12.920825665207714
53 12.458803738059627
64 13.382141375513863
66 11.075579891008852
62 11.998113218898014
65 12.459478038956274
65 11.11127847524778
68 11.998273146019368
57 11.997650146551086
62 12.4593973868332
60 11.461211972838639
59 11.572442981325038
63 12.459458720876013
66 11.53690563392946
71 13.382529138828152
69 12.459681800142118
57 11.99781658129839
68 14.304924882309328
71 12.9211201785339
64 12.459593172275216
59 11.997845999395917
60 11.07521413780649
67 12.384398532845063
63 12.383955219555533
67 11.536947776673092
71 11.572940747457116
68 11.537062162843391
60 11.075317487811851
70 12.921225279238387
67 12.845588442056796
70 11.537162379839968
67 12.459691705975487
68 12.459672073699169
72 11.99863324193525
69 12.921049185450952
66 12.459507830628125
71 13.382550581181851
65 12.845446582671983
62 11.536807541206317
68 12.459693583455692
68 13.843805839399455
68 11.075848861210073
64 12.920877340210396
71 13.84386635889082
70 11.537048628830698
69 13.843815498439588
66 11.536887819755076
64 12.920970657601313
65 12.459539813976223
62 11.536735733571916
64 12.459509954901563
70 12.459919601546687
62 11.998238011257088
73 13.38261154165035
68 11.998282304704102
70 12.459792490730283
70 11.537216373299989
67 11.99831516198192
69 12.921060595190207
65 11.998243227566443
69 13.843930190781393
71 12.459939360604084
63 11.99790339106336
69 13.38244804572794
69 13.306943603074927
68 12.921060968764522
67 11.537020020099755
67 13.879334729101208
76 12.921435940029893
67 12.920935608647238
71 13.382694632242917
64 10.538785254744717
72 11.998674884323481
71 13.38258212355282
76 12.921457382383593
70 13.382518538455486
68 12.92100929376184
74 12.845934562982851
68 13.382345136699705
69 13.843753723419642
68 11.537072195457839
71 13.843824716502589
73 13.38255855692568
71 12.9212741948066
77 13.844160237055975
75 12.92148027444978
70 13.843876765079587
69 12.459764950112955
72 13.382611982627482
74 12.921502157780614
72 12.459885867499466
70 13.38243626241437
72 13.38253785653575
73 13.3826733166703
72 13.307233273666073
70 13.382343012426267
76 13.844121354102212
74 13.844040261002
73 12.921264288973232
70 12.845856602891425
75 13.382681225011309
74 13.382734650713111
77 14.30555007345386
73 12.921191104214033
74 13.84415371102463
75 13.844080152691113
76 13.382888861169713
73 11.998559683601732
75 12.92148027444978
78 13.844275564558808
74 12.921440382760666
70 12.921191418410084
73 13.844040701979132
74 13.84412347837565
73 14.766620447588751
76 13.844141486733927
77 14.305466856080209
72 12.921296272321333
75 13.382744309753246
75 13.38276444238496
74 13.382619890968494
75 13.382795984755928
76 12.460142680812794
75 14.305479080370912
80 14.30571394295059
77 13.84420413049873
78 14.766958660173792
77 12.921551267532726
76 13.382825776427776
76 13.844089811731243
77 13.382887110470591
75 13.38280601737038
74 12.460071687729846
77 13.844151145774061
79 13.844336898601625
73 13.38261932321028
75 13.844101595044814
76 12.921435940029891
78 13.84424402218784
77 14.305498398451176
76 14.305520281782014
76 13.844256246478546
78 13.382896769510722
79 14.305652608907774
79 14.305652608907774
78 13.84424402218784
80 14.30571394295059
78 13.844327239561492
79 13.844336898601625
77 13.307488268877465
76 13.382774101425094
77 13.844317580521361
80 14.30571394295059
80 14.30571394295059
79 14.305621066536807
78 13.844244022187842
78 13.84424402218784
80 14.30571394295059
79 14.305704283910458
79 14.305652608907774
80 14.30571394295059
80 14.30571394295059
80 14.30571394295059
80 14.30571394295059
80 14.30571394295059
80 14.30571394295059
80 14.30571394295059
80 14.30571394295059
80 14.30571394295059
80 14.30571394295059
80 14.30571394295059
80 14.30571394295059
