0 2.0761170560488272e-13
0 2.1138646388860746e-13
0 2.2115642650530672e-13
0 2.062794379753328e-13
0 2.1405099914770726e-13
0 2.251532293939564e-13
0 2.1338486533293232e-13
0 2.0738966099995773e-13
0 2.1138646388860746e-13
0 2.2204460492500665e-13
1 0.46137704434918075
0 2.1049828546890752e-13
2 0.9227540886981465
2 0.9227540886981525
1 0.4613770443491822
1 0.46137704434918103
2 0.9227540886981533
0 2.202682480856068e-13
1 0.461377044349184
1 0.4613770443491809
3 1.3841311330471155
0 2.1538326677725717e-13
1 0.46137704434918636
4 1.8455081773960724
0 2.1893598045605691e-13
1 0.461377044349185
2 0.9227540886981443
2 0.9227540886981384
1 0.46137704434918314
1 0.46137704434918736
3 1.3841311330471104
2 0.9227540886981498
2 0.9227540886981455
2 0.9227540886981429
2 0.9227540886981422
5 2.3068852217450395
5 2.3068852217450386
1 0.4613770443491731
3 1.3841311330471107
0 2.2382096176440652e-13
2 0.9227540886981437
1 0.46137704434918203
2 0.9227540886981417
6 2.7682622660940064
7 3.22963931044297
7 3.2296393104429746
4 1.8455081773960846
4 1.845508177396081
3 1.3841311330471227
6 2.7682622660940077
3 1.384131133047105
3 1.3841311330471058
4 1.8455081773960822
5 2.3068852217450364
8 3.6910163547919295
2 0.9227540886981419
8 3.6910163547919295
6 2.7682622660940046
4 1.845508177396077
3 1.3841311330471138
8 3.691016354791934
7 3.2296393104429697
4 1.8455081773960722
10 4.6137704434898685
4 1.8455081773960758
6 2.7682622660940024
5 2.3068852217450373
2 0.9227540886981467
4 1.8455081773960784
9 4.152393399140903
6 2.7682622660939944
8 3.6910163547919406
6 2.7682622660939997
13 5.997901576536762
9 4.152393399140903
5 2.306885221745036
7 3.2296393104429737
13 5.99790157653676
11 5.075147487838833
7 3.2296393104429653
5 2.3068852217450444
6 2.7682622660940024
10 4.61377044348986
13 5.997901576536759
8 3.6910163547919295
9 4.152393399140893
8 3.6910163547919406
7 3.229639310442967
9 4.1523933991409
5 2.3068852217450306
9 4.152393399140904
11 5.075147487838827
7 3.2296393104429657
9 4.152393399140893
10 4.61377044348987
13 5.997901576536762
6 2.768262266094007
10 4.613770443489866
10 4.613770443489868
17 7.843409753932617
11 5.075147487838829
8 3.6910163547919352
14 6.459278620885724
11 5.075147487838825
9 4.1523933991409026
13 5.997901576536766
11 5.075147487838824
10 4.6137704434898685
15 6.920655665234684
10 4.613770443489865
12 5.536524532187803
6 2.7682622660940006
3 1.3841311330471013
14 6.4592786208857245
12 5.536524532187784
14 6.45927862088573
5 2.306885221745055
14 6.45927862088572
12 5.5365245321878
6 2.7682622660940064
13 5.997901576536758
16 7.382032709583656
7 3.229639310442975
8 3.691016354791929
13 5.997901576536762
9 4.152393399140893
11 5.075147487838826
10 4.613770443489864
12 5.536524532187793
18 8.304786798281583
10 4.613770443489859
11 5.075147487838821
14 6.459278620885719
15 6.920655665234674
21 9.688917931328481
16 7.382032709583651
13 5.997901576536754
11 5.07514748783883
14 6.459278620885724
16 7.3820327095836635
19 8.766163842630556
18 8.304786798281585
19 8.76616384263055
9 4.1523933991408954
15 6.920655665234688
21 9.688917931328476
16 7.382032709583654
12 5.536524532187797
14 6.45927862088572
13 5.99790157653676
16 7.38203270958366
11 5.075147487838823
14 6.459278620885723
18 8.304786798281583
15 6.920655665234688
15 6.920655665234695
25 11.534426108724332
17 7.843409753932618
17 7.843409753932617
11 5.075147487838826
14 6.459278620885721
18 8.304786798281581
17 7.843409753932618
22 10.150294975677436
16 7.3820327095836475
15 6.920655665234682
15 6.9206556652346825
16 7.382032709583648
12 5.536524532187794
17 7.843409753932622
19 8.766163842630544
25 11.534426108724336
21 9.68891793132848
20 9.22754088697952
17 7.843409753932613
17 7.843409753932609
14 6.459278620885715
18 8.304786798281585
15 6.920655665234687
14 6.459278620885726
23 10.61167202002641
16 7.382032709583654
24 11.073049064375367
21 9.688917931328476
22 10.150294975677445
17 7.84340975393262
16 7.3820327095836475
19 8.76616384263055
25 11.534426108724343
13 5.997901576536757
27 12.457180197422266
17 7.84340975393261
16 7.382032709583648
15 6.920655665234684
12 5.536524532187803
15 6.920655665234683
13 5.997901576536755
19 8.766163842630547
19 8.766163842630547
21 9.68891793132848
29 13.379934286120198
21 9.688917931328474
16 7.382032709583651
30 13.841311330469164
20 9.227540886979517
15 6.920655665234687
22 10.150294975677449
23 10.611672020026402
13 5.997901576536753
17 7.843409753932618
22 10.150294975677442
26 11.9958031530733
25 11.53442610872433
19 8.766163842630545
20 9.227540886979508
26 11.9958031530733
17 7.843409753932619
20 9.227540886979511
17 7.843409753932617
19 8.76616384263055
30 13.841311330469168
22 10.150294975677447
24 11.073049064375367
30 13.841311330469146
22 10.150294975677438
17 7.8434097539326055
25 11.534426108724336
20 9.227540886979513
21 9.688917931328483
24 11.073049064375372
25 11.53442610872434
20 9.227540886979513
21 9.68891793132848
24 11.073049064375367
14 6.459278620885729
25 11.534426108724336
28 12.918557241771229
24 11.073049064375368
19 8.766163842630545
25 11.534426108724336
27 12.457180197422264
23 10.611672020026404
28 12.918557241771232
28 12.91855724177124
22 10.150294975677443
17 7.843409753932624
21 9.688917931328477
29 13.379934286120204
12 5.5365245321877765
27 12.457180197422264
40 18.45508177395881
19 8.766163842630549
23 10.611672020026413
25 11.534426108724336
30 13.841311330469164
20 9.227540886979508
23 10.6116720200264
24 11.073049064375367
24 11.073049064375372
24 11.073049064375372
25 11.53442610872434
26 11.995803153073304
30 13.841311330469166
24 11.073049064375375
25 11.534426108724336
24 11.07304906437537
26 11.995803153073304
25 11.534426108724336
31 14.302688374818127
23 10.611672020026399
29 13.379934286120195
18 8.304786798281578
32 14.764065419167093
26 11.995803153073306
24 11.073049064375374
23 10.611672020026411
28 12.918557241771236
33 15.225442463516059
30 13.841311330469164
33 15.225442463516059
24 11.073049064375365
31 14.302688374818121
31 14.302688374818132
29 13.379934286120196
30 13.841311330469155
23 10.611672020026406
32 14.764065419167093
26 11.995803153073307
30 13.841311330469159
29 13.379934286120191
28 12.918557241771236
29 13.379934286120193
35 16.14819655221398
24 11.073049064375365
32 14.764065419167096
36 16.609573596562957
39 17.993704729609842
36 16.609573596562946
32 14.764065419167084
24 11.073049064375368
29 13.379934286120193
27 12.45718019742227
34 15.686819507865021
26 11.995803153073295
27 12.457180197422263
30 13.841311330469154
23 10.611672020026406
34 15.686819507865025
27 12.457180197422263
28 12.918557241771232
35 16.148196552213996
36 16.609573596562953
26 11.995803153073304
35 16.148196552213985
44 20.30058995135466
30 13.841311330469154
33 15.22544246351606
37 17.070950640911917
31 14.302688374818118
35 16.148196552213978
26 11.9958031530733
33 15.22544246351606
29 13.379934286120196
24 11.07304906437537
32 14.764065419167085
29 13.379934286120195
30 13.841311330469157
29 13.379934286120191
31 14.30268837481813
32 14.76406541916709
35 16.14819655221398
31 14.302688374818127
29 13.379934286120193
34 15.686819507865028
30 13.84131133046917
33 15.225442463516055
29 13.379934286120202
25 11.534426108724336
35 16.14819655221398
42 19.377835862656735
28 12.91855724177123
39 17.99370472960985
36 16.609573596562953
34 15.686819507865021
30 13.84131133046916
32 14.764065419167089
31 14.302688374818125
39 17.993704729609846
31 14.302688374818123
32 14.764065419167089
34 15.68681950786502
37 17.07095064091192
36 16.609573596562953
40 18.45508177395881
36 16.60957359656295
41 18.916458818307778
38 17.532327685260885
37 17.07095064091191
39 17.993704729609853
34 15.686819507865028
28 12.918557241771236
37 17.07095064091192
42 19.37783586265674
43 19.83921290700571
37 17.07095064091192
39 17.993704729609842
41 18.916458818307778
38 17.532327685260878
36 16.60957359656295
38 17.532327685260878
31 14.30268837481813
30 13.841311330469159
35 16.14819655221399
43 19.839212907005702
37 17.07095064091192
39 17.99370472960985
33 15.225442463516057
29 13.379934286120196
35 16.148196552213985
33 15.225442463516064
33 15.22544246351605
35 16.14819655221399
41 18.916458818307774
26 11.995803153073306
38 17.532327685260874
40 18.455081773958813
38 17.532327685260878
36 16.60957359656295
41 18.91645881830777
31 14.30268837481813
39 17.993704729609842
39 17.99370472960985
43 19.83921290700571
28 12.91855724177123
41 18.91645881830778
35 16.148196552213978
48 22.146098128750527
40 18.455081773958806
33 15.225442463516053
37 17.070950640911917
40 18.455081773958813
36 16.609573596562946
41 18.91645881830777
35 16.14819655221398
46 21.22334404005261
44 20.300589951354667
35 16.14819655221398
35 16.148196552213992
36 16.60957359656295
39 17.993704729609846
37 17.070950640911917
49 22.6074751730995
47 21.684721084401563
48 22.146098128750527
47 21.684721084401563
42 19.37783586265674
42 19.377835862656738
35 16.14819655221398
44 20.300589951354674
41 18.916458818307778
43 19.839212907005702
42 19.377835862656745
43 19.839212907005713
40 18.455081773958806
38 17.53232768526088
42 19.37783586265674
46 21.223344040052602
40 18.45508177395881
40 18.45508177395881
36 16.60957359656295
41 18.91645881830777
50 23.06885221744846
36 16.60957359656295
42 19.37783586265674
42 19.377835862656738
35 16.148196552213978
45 20.761966995703634
38 17.532327685260878
42 19.37783586265674
48 22.146098128750534
42 19.377835862656745
44 20.30058995135467
39 17.993704729609846
49 22.607475173099495
46 21.22334404005259
45 20.76196699570364
39 17.99370472960984
46 21.223344040052602
41 18.916458818307778
49 22.6074751730995
50 23.068852217448462
43 19.839212907005706
48 22.146098128750527
38 17.532327685260878
45 20.76196699570363
51 23.530229261797423
38 17.53232768526088
46 21.223344040052602
47 21.684721084401566
50 23.06885221744846
41 18.916458818307774
44 20.300589951354674
54 24.91436039484432
41 18.916458818307774
45 20.761966995703634
56 25.837114483542248
50 23.068852217448462
43 19.8392129070057
57 26.298491527891215
40 18.455081773958806
43 19.83921290700571
45 20.761966995703638
48 22.146098128750534
35 16.148196552213992
52 23.991606306146394
47 21.68472108440157
51 23.530229261797423
48 22.146098128750527
52 23.99160630614639
51 23.530229261797423
48 22.146098128750534
50 23.068852217448455
49 22.607475173099502
47 21.68472108440156
57 26.29849152789121
48 22.146098128750527
54 24.91436039484432
53 24.452983350495355
51 23.530229261797427
53 24.452983350495348
50 23.068852217448455
52 23.99160630614639
48 22.14609812875053
50 23.068852217448462
45 20.761966995703638
45 20.761966995703634
49 22.6074751730995
51 23.530229261797423
47 21.684721084401563
47 21.684721084401566
57 26.298491527891215
44 20.300589951354667
47 21.684721084401566
49 22.607475173099488
43 19.83921290700571
53 24.452983350495355
50 23.068852217448462
52 23.99160630614639
48 22.14609812875053
44 20.300589951354667
51 23.530229261797423
58 26.75986857224018
53 24.45298335049535
46 21.223344040052606
55 25.375737439193287
49 22.6074751730995
59 27.221245616589147
46 21.2233440400526
47 21.68472108440157
52 23.991606306146394
56 25.83711448354225
58 26.759868572240176
52 23.991606306146387
55 25.37573743919329
52 23.991606306146394
57 26.29849152789122
53 24.45298335049535
51 23.53022926179742
47 21.684721084401566
51 23.530229261797423
56 25.83711448354225
54 24.914360394844316
55 25.375737439193287
47 21.68472108440156
49 22.607475173099495
52 23.99160630614639
51 23.530229261797423
53 24.45298335049536
43 19.839212907005706
55 25.375737439193284
50 23.06885221744846
58 26.75986857224018
56 25.837114483542255
51 23.530229261797427
58 26.759868572240176
63 29.066753793985004
60 27.68262266093811
63 29.066753793985008
48 22.14609812875053
55 25.375737439193287
57 26.298491527891215
50 23.068852217448455
60 27.68262266093811
55 25.375737439193287
55 25.375737439193287
56 25.837114483542248
60 27.682622660938108
56 25.837114483542244
53 24.45298335049536
58 26.759868572240183
59 27.22124561658914
60 27.682622660938105
52 23.99160630614639
50 23.068852217448455
51 23.53022926179743
55 25.375737439193287
56 25.837114483542248
59 27.221245616589144
55 25.375737439193287
59 27.221245616589147
59 27.221245616589144
53 24.45298335049535
54 24.914360394844316
62 28.60537674963604
56 25.837114483542244
55 25.375737439193287
58 26.75986857224018
48 22.146098128750527
62 28.605376749636036
59 27.221245616589147
59 27.221245616589147
56 25.837114483542248
61 28.143999705287072
57 26.298491527891212
51 23.530229261797423
62 28.60537674963604
52 23.991606306146384
56 25.837114483542248
59 27.221245616589147
59 27.221245616589147
61 28.143999705287076
53 24.452983350495355
63 29.066753793985008
55 25.37573743919329
55 25.375737439193284
58 26.759868572240183
55 25.375737439193284
63 29.066753793985004
61 28.143999705287076
58 26.75986857224018
65 29.989507882682933
59 27.221245616589144
62 28.605376749636033
59 27.221245616589144
53 24.452983350495355
65 29.989507882682933
57 26.298491527891215
62 28.605376749636036
60 27.682622660938108
63 29.066753793985
55 25.375737439193287
62 28.60537674963604
60 27.68262266093811
58 26.75986857224018
62 28.605376749636047
64 29.52813083833397
56 25.837114483542248
59 27.221245616589144
58 26.759868572240176
65 29.989507882682936
66 30.4508849270319
64 29.52813083833397
64 29.52813083833397
64 29.52813083833397
63 29.066753793985004
63 29.066753793985008
67 30.912261971380865
62 28.605376749636036
63 29.066753793985004
61 28.143999705287072
65 29.98950788268293
67 30.912261971380868
60 27.682622660938108
65 29.989507882682933
66 30.4508849270319
62 28.605376749636036
66 30.450884927031897
64 29.528130838333972
64 29.528130838333972
53 24.45298335049535
64 29.528130838333972
66 30.450884927031893
62 28.605376749636036
65 29.98950788268293
65 29.989507882682933
68 31.373639015729825
57 26.298491527891212
62 28.60537674963604
60 27.682622660938105
59 27.221245616589144
63 29.066753793985004
66 30.4508849270319
71 32.75777014877673
69 31.835016060078793
57 26.298491527891215
68 31.373639015729832
71 32.75777014877672
64 29.528130838333976
59 27.22124561658914
60 27.68262266093811
67 30.912261971380865
63 29.066753793985
67 30.912261971380868
71 32.75777014877672
68 31.373639015729825
60 27.682622660938108
70 32.29639310442776
67 30.912261971380865
70 32.29639310442776
67 30.912261971380865
68 31.373639015729825
72 33.21914719312569
69 31.835016060078793
66 30.450884927031897
71 32.75777014877672
65 29.98950788268293
62 28.60537674963604
68 31.37363901572983
68 31.373639015729832
68 31.37363901572983
64 29.528130838333972
71 32.75777014877672
70 32.29639310442776
69 31.835016060078797
66 30.450884927031897
64 29.528130838333972
65 29.989507882682933
62 28.605376749636036
64 29.528130838333972
70 32.29639310442776
62 28.605376749636044
73 33.68052423747466
68 31.373639015729825
70 32.296393104427764
70 32.29639310442776
67 30.912261971380865
69 31.835016060078793
65 29.989507882682936
69 31.8350160600788
71 32.75777014877672
63 29.066753793985004
69 31.835016060078797
69 31.835016060078797
68 31.373639015729825
67 30.91226197138086
67 30.912261971380868
76 35.06465537052155
67 30.912261971380865
71 32.75777014877672
64 29.52813083833397
72 33.219147193125686
71 32.75777014877672
76 35.06465537052155
70 32.296393104427764
68 31.37363901572983
74 34.141901281823614
68 31.37363901572983
69 31.8350160600788
68 31.373639015729825
71 32.75777014877673
73 33.68052423747466
71 32.75777014877672
77 35.526032414870514
75 34.603278326172585
70 32.296393104427764
69 31.835016060078793
72 33.219147193125686
74 34.14190128182362
72 33.21914719312569
70 32.296393104427764
72 33.21914719312569
73 33.68052423747466
72 33.219147193125686
70 32.29639310442776
76 35.06465537052155
74 34.14190128182362
73 33.68052423747466
70 32.296393104427764
75 34.603278326172585
74 34.141901281823614
77 35.526032414870514
73 33.68052423747466
74 34.14190128182362
75 34.603278326172585
76 35.06465537052155
73 33.68052423747466
75 34.603278326172585
78 35.98740945921948
74 34.14190128182362
70 32.296393104427764
73 33.68052423747466
74 34.14190128182362
73 33.68052423747466
76 35.06465537052155
77 35.526032414870514
72 33.219147193125686
75 34.603278326172585
75 34.603278326172585
74 34.141901281823614
75 34.603278326172585
76 35.06465537052155
75 34.603278326172585
80 36.910163547917406
77 35.526032414870514
78 35.98740945921948
77 35.526032414870514
76 35.06465537052155
76 35.06465537052155
77 35.526032414870514
75 34.603278326172585
74 34.14190128182362
77 35.526032414870514
79 36.44878650356844
73 33.68052423747466
75 34.603278326172585
76 35.06465537052155
78 35.98740945921948
77 35.526032414870514
76 35.06465537052155
76 35.06465537052155
78 35.98740945921948
79 36.44878650356844
79 36.44878650356844
78 35.98740945921948
80 36.910163547917406
78 35.98740945921948
79 36.44878650356844
77 35.526032414870514
76 35.06465537052155
77 35.526032414870514
80 36.910163547917406
80 36.910163547917406
79 36.44878650356844
78 35.98740945921948
78 35.98740945921948
80 36.910163547917406
79 36.44878650356844
79 36.44878650356844
80 36.910163547917406
80 36.910163547917406
80 36.910163547917406
80 36.910163547917406
80 36.910163547917406
80 36.910163547917406
80 36.910163547917406
80 36.910163547917406
80 36.910163547917406
80 36.910163547917406
80 36.910163547917406
80 36.910163547917406
